# EIRP, Narrowband Producing Fraction
8.670127031360825195e+11 inf
1.042701107576889526e+12 7.487500000000000266e-01
1.253990392308503418e+12 7.487500000000000266e-01
1.508094594486730957e+12 7.487500000000000266e-01
1.813689578381209717e+12 7.487500000000000266e-01
2.181209254879769287e+12 7.487500000000000266e-01
2.623201825871190430e+12 7.487500000000000266e-01
3.154758216736648926e+12 7.487500000000000266e-01
3.794027324894103516e+12 7.487500000000000266e-01
4.562835676495437500e+12 7.487500000000000266e-01
5.487432648177006836e+12 7.487500000000000266e-01
6.599386697924411133e+12 5.989999999999999769e-01
7.936663205007198242e+12 4.278571428571428803e-01
9.544920719606636719e+12 2.495833333333333515e-01
1.147906987990848438e+13 1.996666666666666867e-01
1.380514822267194531e+13 1.871875000000000067e-01
1.660257489881765430e+13 1.576315789473684281e-01
1.996686227665135156e+13 1.302173913043478404e-01
2.401287701482713281e+13 9.983333333333334336e-02
2.887876194766432422e+13 7.881578947368421406e-02
3.473065268751049219e+13 5.254385964912280937e-02
4.176834998281625781e+13 3.697530864197531159e-02
5.023214150289785156e+13 3.087628865979381507e-02
6.041100596516835938e+13 2.415322580645161421e-02
7.265247971785298438e+13 1.957516339869281100e-02
8.737452265231998438e+13 1.535897435897435985e-02
1.050797885821474219e+14 1.217479674796747950e-02
1.263727873216101875e+14 9.301242236024844998e-03
1.519805244273794062e+14 7.563131313131313260e-03
1.827773233048838438e+14 6.226611226611227130e-03
2.198146771789901562e+14 5.146048109965635844e-03
2.643571501630179375e+14 4.359534206695778527e-03
3.179255531940975625e+14 3.683886838868388747e-03
3.823488689881973125e+14 3.037525354969574255e-03
4.598266988853910625e+14 2.230081906180193460e-03
5.530043637041935000e+14 1.568062827225130901e-03
6.650632227688503750e+14 1.057556497175141195e-03
7.998292948666210000e+14 7.246552141301718661e-04
9.619038897737696250e+14 4.980874771328788102e-04
1.156820710494481250e+15 3.437786960514233547e-04
1.391234790144888000e+15 2.484240212342402423e-04
1.673149714342639500e+15 1.850021619618259512e-04
2.012190887142287500e+15 1.403138908409463492e-04
2.419934170618578000e+15 1.071479679450486534e-04
2.910301118818915000e+15 8.286987078387426974e-05
3.500034300533714000e+15 6.455854457665114918e-05
4.209268939800989000e+15 5.063226940762781088e-05
5.062220391632016000e+15 3.960225845266902042e-05
6.088010925399956000e+15 3.085116245531989405e-05
7.321664044705914000e+15 2.394869621538633879e-05
8.805300292725351000e+15 1.854649938694375935e-05
1.058957537134352400e+16 1.441664340107631551e-05
1.273540967569396400e+16 1.124616522663182036e-05
1.531606829549218600e+16 8.769181669921560131e-06
1.841966250052323600e+16 6.800450487271009896e-06
2.215215811834945600e+16 5.253565671325003649e-06
2.664099351909494400e+16 4.049458832755321828e-06
3.203943073594047200e+16 3.127868736038165435e-06
3.853178828137038400e+16 2.427823915889479361e-06
4.633973432289732800e+16 1.909449383652690529e-06
5.572985508577951200e+16 1.531865879132457634e-06
6.702275689024272800e+16 1.260857795869017235e-06
8.060401259350790400e+16 1.064445701007687249e-06
9.693732618033100800e+16 9.184364072485025262e-07
1.165803649798519520e+17 8.059789374425790859e-07
1.402038000671961920e+17 7.163579072399029396e-07
1.686142049450544320e+17 6.456779996270374634e-07
2.027815943335836800e+17 5.914844799014758789e-07
2.438725433237953600e+17 5.504642462903856226e-07
2.932900176797095680e+17 5.203796843076248139e-07
3.527212752128263040e+17 4.988642717739263705e-07
4.241954737226281600e+17 4.831104895465859304e-07
5.101529524075090560e+17 4.712487146868320524e-07
6.135285522171171840e+17 4.623583207516294686e-07
7.378518199478155520e+17 4.559662228747673266e-07
8.873675173435788800e+17 4.513373222812200639e-07
1.067180549737204736e+18 4.479678264870288658e-07
1.283430262521591808e+18 4.455786988685425404e-07
1.543500056444868864e+18 4.438421166897232411e-07
1.856269478611607552e+18 4.425986496233921374e-07
2.232417396317785600e+18 4.417112261608672828e-07
2.684786604965254144e+18 4.410658684380775106e-07
3.228822318841482240e+18 4.405634976299301993e-07
3.883099516128479232e+18 4.402001021793359171e-07
4.669957143249587200e+18 4.399522471864723615e-07
5.616260832153732096e+18 4.397893181562211025e-07
6.754320171948279808e+18 4.396705891057408781e-07
8.122991853227718656e+18 4.396040539860198611e-07
9.769006349690439680e+18 4.395568914301816682e-07
1.174856343384974541e+19 4.395239288126793182e-07
1.412925100243857818e+19 4.395031603872499767e-07
1.699235272584261018e+19 4.394877465827076368e-07
2.043562331149874381e+19 4.394756226760617450e-07
2.457662613690608435e+19 4.394698834003494372e-07
2.955674720885023949e+19 4.394671750301647755e-07
3.554602249720566170e+19 4.394655629209038539e-07
4.274894346267956838e+19 4.394644022095595240e-07
5.141143899627687117e+19 4.394624032210613328e-07
6.182927215441929011e+19 4.394614359750908391e-07
7.435813837893340365e+19 4.394602752855464903e-07
