# Number of targets found in beam for each pointing (cummlative)Number of targets found in beam for each pointing
26671
48895
68267
85515
100903
114787
128131
141780
155152
168904
183984
199815
217247
235775
255674
277213
302374
332249
368789
413541
472117
554180
673076
861805
1245659
2353966
2973672
3592221
4096814
4341810
4507619
4619533
4698555
4761364
4817617
4870767
4921763
4971666
5023863
5083438
5154450
5234805
5339938
5440865
5583722
5812934
6019611
6189363
6307131
6381908
6435064
6472079
6500285
