# Zenith RA (deg), Zenith Dec (deg), Time (Julian Date)
125.47718,38.50617,2459945.79167
203.52017,38.55253,2459946.00750
359.30849,38.30173,2459946.43917
233.12779,38.51218,2459947.08667
184.70005,38.56233,2459947.95000
214.31609,38.54123,2459949.02917
321.80277,38.33117,2459950.32417
147.06162,38.54052,2459951.83500
50.34390,38.34717,2459953.56167
31.58593,38.31986,2459955.50417
90.65884,38.43126,2459957.66250
227.88378,38.52223,2459960.03667
82.65328,38.41301,2459962.62667
15.60040,38.30620,2459965.43250
26.35989,38.31442,2459968.45417
114.99460,38.48474,2459971.69167
281.80326,38.41006,2459975.14500
166.18270,38.55849,2459978.81417
128.55597,38.51101,2459982.69917
168.95806,38.55984,2459986.80000
287.34220,38.39893,2459991.11667
123.31488,38.50073,2459995.64917
37.42928,38.32781,2460000.39750
29.43519,38.31860,2460005.36167
99.28156,38.44946,2460010.54167
247.29494,38.48799,2460015.93750
112.83667,38.47879,2460021.54917
56.49769,38.35866,2460027.37667
78.03719,38.40220,2460033.42000
177.59101,38.56070,2460039.67917
355.00136,38.30719,2460046.15417
250.37012,38.48063,2460052.84500
223.54948,38.52824,2460059.75167
274.70454,38.42717,2460066.87417
43.57711,38.33890,2460074.21250
250.67442,38.47806,2460081.76667
175.43125,38.55803,2460089.53667
178.20766,38.55824,2460097.52250
258.99136,38.45868,2460105.72417
57.41460,38.36252,2460114.14167
294.09119,38.38153,2460122.77500
248.51493,38.47882,2460131.62417
280.85458,38.40788,2460140.68917
30.95552,38.32165,2460149.97000
219.23155,38.52970,2460159.46667
125.16096,38.50501,2460169.17917
109.13220,38.47345,2460179.10750
132.38393,38.51851,2459952.79167
210.43048,38.54612,2459953.00750
6.19566,38.30232,2459953.43917
240.03402,38.49984,2459954.08667
191.61145,38.56073,2459954.95000
221.22515,38.53238,2459956.02917
328.69226,38.32245,2459957.32417
153.97139,38.54846,2459958.83500
57.23586,38.35955,2459960.56167
38.47515,38.32865,2459962.50417
97.55876,38.44680,2459964.66250
234.79091,38.51069,2459967.03667
89.55149,38.42839,2459969.62667
22.48820,38.31111,2459972.43250
33.24853,38.32201,2459975.45417
121.89954,38.49857,2459978.69167
288.69956,38.39537,2459982.14500
173.09396,38.56163,2459985.81417
135.46333,38.52272,2459989.69917
175.86949,38.56233,2459993.80000
294.23734,38.38465,2459998.11667
130.22138,38.51330,2460002.64917
44.31920,38.33773,2460007.39750
36.32418,38.32677,2460012.36167
106.18338,38.46462,2460017.54167
254.19845,38.47359,2460022.93750
119.74123,38.49271,2460028.54917
63.39064,38.37187,2460034.37667
84.93448,38.41735,2460040.42000
184.50263,38.56064,2460046.67917
1.88847,38.30639,2460053.15417
257.27302,38.46568,2460059.84500
230.45726,38.51703,2460066.75167
281.60228,38.41157,2460073.87417
50.46788,38.34983,2460081.21250
257.57732,38.46301,2460088.76667
182.34282,38.55843,2460096.53667
185.11927,38.55800,2460104.52250
265.89249,38.44305,2460112.72417
64.30769,38.37569,2460121.14167
300.98507,38.36729,2460129.77500
255.41826,38.46388,2460138.62417
287.75113,38.39253,2460147.68917
37.84442,38.33000,2460156.97000
226.14015,38.51915,2460166.46667
132.06775,38.51729,2460176.17917
116.03593,38.48802,2460186.10750
139.29181,38.52953,2459959.79167
217.33998,38.53803,2459960.00750
13.08298,38.30483,2459960.43917
246.93889,38.48647,2459961.08667
198.52258,38.55720,2459961.95000
228.13327,38.52199,2459963.02917
335.58088,38.31520,2459964.32417
160.88190,38.55488,2459965.83500
64.12896,38.37290,2459967.56167
45.36527,38.33876,2459969.50417
104.46016,38.46201,2459971.66250
241.69674,38.49799,2459974.03667
96.45123,38.44394,2459976.62667
29.37644,38.31770,2459979.43250
40.13797,38.33105,2459982.45417
128.80574,38.51133,2459985.69167
295.59436,38.38120,2459989.14500
180.00550,38.56300,2459992.81417
142.37167,38.53315,2459996.69917
182.78099,38.56284,2460000.80000
301.13106,38.37094,2460005.11667
137.12896,38.52469,2460009.64917
51.21018,38.34902,2460014.39750
43.21391,38.33649,2460019.36167
113.08656,38.47921,2460024.54167
261.10045,38.45854,2460029.93750
126.64705,38.50579,2460035.54917
70.28497,38.38591,2460041.37667
91.83318,38.43279,2460047.42000
191.41406,38.55870,2460053.67917
8.77550,38.30742,2460060.15417
264.17446,38.45036,2460066.84500
237.36397,38.50449,2460073.75167
288.49857,38.39641,2460080.87417
57.35969,38.36204,2460088.21250
264.47871,38.44757,2460095.76667
189.25442,38.55706,2460103.53667
192.03078,38.55577,2460111.52250
272.79222,38.42733,2460119.72417
71.20203,38.38982,2460128.14167
307.87763,38.35409,2460136.77500
262.32027,38.44848,2460145.62417
294.64620,38.37762,2460154.68917
44.73427,38.33989,2460163.97000
233.04775,38.50736,2460173.46667
138.97575,38.52848,2460183.17917
122.94111,38.50179,2460193.10750
146.20067,38.53930,2459966.79167
224.24870,38.52850,2459967.00750
19.97056,38.30902,2459967.43917
253.84252,38.47239,2459968.08667
205.43328,38.55202,2459968.95000
235.04030,38.51045,2459970.02917
342.46896,38.30965,2459971.32417
167.79287,38.55943,2459972.83500
71.02345,38.38715,2459974.56167
52.25638,38.35033,2459976.50417
111.36301,38.47690,2459978.66250
248.60137,38.48439,2459981.03667
103.35241,38.45919,2459983.62667
36.26546,38.32593,2459986.43250
47.02832,38.34162,2459989.45417
135.71312,38.52307,2459992.69167
302.48793,38.36777,2459996.14500
186.91697,38.56243,2459999.81417
149.28103,38.54211,2460003.69917
189.69251,38.56156,2460007.80000
308.02356,38.35824,2460012.11667
144.03763,38.53470,2460016.64917
58.10219,38.36145,2460021.39750
50.10471,38.34749,2460026.36167
119.99118,38.49317,2460031.54167
268.00109,38.44320,2460036.93750
133.55411,38.51769,2460042.54917
77.18057,38.40063,2460048.37667
98.73339,38.44808,2460054.42000
198.32534,38.55492,2460060.67917
15.66282,38.31028,2460067.15417
271.07445,38.43468,2460073.84500
244.26939,38.49100,2460080.75167
295.39346,38.38165,2460087.87417
64.25280,38.37521,2460095.21250
271.37873,38.43181,2460102.76667
196.16576,38.55373,2460110.53667
198.94204,38.55179,2460118.52250
279.69041,38.41157,2460126.72417
78.09779,38.40448,2460135.14167
314.76904,38.34190,2460143.77500
269.22071,38.43274,2460152.62417
301.53998,38.36354,2460161.68917
51.62505,38.35117,2460170.97000
239.95414,38.49431,2460180.46667
145.88469,38.53822,2460190.17917
129.84753,38.51465,2460200.10750
153.11040,38.54742,2459973.79167
231.15630,38.51753,2459974.00750
26.85864,38.31507,2459974.43917
260.74463,38.45767,2459975.08667
212.34337,38.54500,2459975.95000
241.94614,38.49766,2459977.02917
349.35648,38.30579,2459978.32417
174.70425,38.56226,2459979.83500
77.91927,38.40198,2459981.56167
59.14867,38.36294,2459983.50417
118.26725,38.49103,2459985.66250
255.50453,38.47002,2459988.03667
110.25507,38.47414,2459990.62667
43.15522,38.33565,2459993.43250
53.91970,38.35333,2459996.45417
142.62152,38.53337,2459999.69167
309.38012,38.35525,2460003.14500
193.82839,38.56004,2460006.81417
156.19109,38.54946,2460010.69917
196.60374,38.55833,2460014.80000
314.91482,38.34651,2460019.11667
150.94711,38.54326,2460023.64917
64.99552,38.37489,2460028.39750
56.99653,38.35976,2460033.36167
126.89704,38.50614,2460038.54167
274.90017,38.42767,2460043.93750
140.46221,38.52843,2460049.54917
84.07767,38.41574,2460055.37667
105.63502,38.46323,2460061.42000
205.23608,38.54931,2460067.67917
22.55040,38.31492,2460074.15417
277.97296,38.41909,2460080.84500
251.17357,38.47653,2460087.75167
302.28704,38.36776,2460094.87417
71.14713,38.38930,2460102.21250
278.27720,38.41613,2460109.76667
203.07679,38.54867,2460117.53667
205.85284,38.54592,2460125.52250
286.58722,38.39617,2460133.72417
84.99496,38.41972,2460142.14167
321.65934,38.33111,2460150.77500
276.11978,38.41696,2460159.62417
308.43239,38.35031,2460168.68917
58.51703,38.36370,2460177.97000
246.85933,38.48040,2460187.46667
152.79462,38.54655,2460197.17917
136.75522,38.52630,2460207.10750
160.02084,38.55399,2459980.79167
238.06286,38.50539,2459981.00750
33.74733,38.32267,2459981.43917
267.64537,38.44263,2459982.08667
219.25269,38.53647,2459982.95000
248.85067,38.48405,2459984.02917
356.24378,38.30376,2459985.32417
181.61573,38.56313,2459986.83500
84.81657,38.41726,2459988.56167
66.04218,38.37663,2459990.50417
125.17281,38.50442,2459992.66250
262.40637,38.45515,2459995.03667
117.15905,38.48838,2459997.62667
50.04603,38.34673,2460000.43250
60.81225,38.36628,2460003.45417
149.53089,38.54231,2460006.69167
316.27126,38.34386,2460010.14500
200.73938,38.55575,2460013.81417
163.10185,38.55509,2460017.69917
203.51464,38.55338,2460021.80000
321.80511,38.33612,2460026.11667
157.85743,38.55016,2460030.64917
71.89009,38.38912,2460035.39750
63.88965,38.37299,2460040.36167
133.80415,38.51807,2460045.54167
281.79789,38.41227,2460050.93750
147.37132,38.53765,2460056.54917
90.97616,38.43110,2460062.37667
112.53811,38.47778,2460068.42000
212.14630,38.54200,2460074.67917
29.43860,38.32126,2460081.15417
284.87003,38.40357,2460087.84500
258.07631,38.46151,2460094.75167
309.17936,38.35469,2460101.87417
78.04291,38.40396,2460109.21250
285.17428,38.40058,2460116.76667
209.98721,38.54178,2460124.53667
212.76305,38.53848,2460132.52250
293.48254,38.38115,2460140.72417
91.89363,38.43507,2460149.14167
328.54870,38.32164,2460157.77500
283.01725,38.40129,2460166.62417
315.32368,38.33832,2460175.68917
65.41016,38.37729,2460184.97000
253.76310,38.46558,2460194.46667
159.70524,38.55313,2460204.17917
143.66392,38.53673,2460214.10750
166.93180,38.55871,2459987.79167
244.96807,38.49217,2459988.00750
40.63684,38.33191,2459988.43917
274.54455,38.42742,2459989.08667
226.16107,38.52635,2459989.95000
255.75382,38.46959,2459991.02917
3.13086,38.30352,2459992.32417
188.52727,38.56223,2459993.83500
91.71525,38.43270,2459995.56167
72.93701,38.39095,2459997.50417
132.07957,38.51664,2459999.66250
269.30664,38.43993,2460002.03667
124.06444,38.50188,2460004.62667
56.93788,38.35900,2460007.43250
67.70607,38.38004,2460010.45417
156.44100,38.54954,2460013.69167
323.16127,38.33376,2460017.14500
207.64997,38.54974,2460020.81417
170.01297,38.55898,2460024.69917
210.42490,38.54658,2460028.80000
328.69440,38.32703,2460033.11667
164.76826,38.55535,2460037.64917
78.78611,38.40395,2460042.39750
70.78398,38.38712,2460047.36167
140.71226,38.52867,2460052.54167
288.69407,38.39712,2460057.93750
154.28122,38.54538,2460063.54917
97.87618,38.44642,2460069.37667
119.44253,38.49177,2460075.42000
219.05565,38.53307,2460081.67917
36.32741,38.32924,2460088.15417
291.76568,38.38860,2460094.84500
264.97767,38.44594,2460101.75167
316.07054,38.34288,2460108.87417
84.94007,38.41912,2460116.21250
292.06987,38.38556,2460123.76667
216.89700,38.53335,2460131.53667
219.67248,38.52930,2460139.52250
300.37654,38.36693,2460147.72417
98.79375,38.45054,2460156.14167
335.43723,38.31387,2460164.77500
289.91337,38.38605,2460173.62417
322.21382,38.32756,2460182.68917
72.30468,38.39173,2460191.97000
260.66549,38.45029,2460201.46667
166.61651,38.55808,2460211.17917
150.57362,38.54563,2460221.10750
173.84313,38.56174,2459994.79167
251.87206,38.47815,2459995.00750
47.52723,38.34245,2459995.43917
281.44235,38.41232,2459996.08667
233.06841,38.51503,2459996.95000
262.65555,38.45475,2459998.02917
10.01808,38.30512,2459999.32417
195.43853,38.55938,2460000.83500
98.61548,38.44815,2460002.56167
79.83324,38.40598,2460004.50417
138.98748,38.52774,2460006.66250
276.20552,38.42464,2460009.03667
130.97102,38.51427,2460011.62667
63.83101,38.37231,2460014.43250
74.60124,38.39463,2460017.45417
163.35176,38.55518,2460020.69167
330.05050,38.32505,2460024.14500
214.55979,38.54200,2460027.81417
176.92449,38.56100,2460031.69917
217.33450,38.53822,2460035.80000
335.58298,38.31958,2460040.11667
171.67957,38.55869,2460044.64917
85.68348,38.41917,2460049.39750
77.67974,38.40180,2460054.36167
147.62142,38.53791,2460059.54167
295.58895,38.38257,2460064.93750
161.19181,38.55135,2460070.54917
104.77758,38.46157,2460076.37667
126.34827,38.50475,2460082.42000
225.96421,38.52264,2460088.67917
43.21716,38.33872,2460095.15417
298.65996,38.37414,2460101.84500
271.87752,38.43027,2460108.75167
322.96067,38.33225,2460115.87417
91.83875,38.43442,2460123.21250
298.96416,38.37110,2460130.76667
223.80586,38.52328,2460138.53667
226.58101,38.51875,2460146.52250
307.26917,38.35355,2460154.72417
105.69535,38.46568,2460163.14167
342.32512,38.30770,2460171.77500
296.80797,38.37139,2460180.62417
329.10308,38.31834,2460189.68917
79.20054,38.40685,2460198.97000
267.56634,38.43457,2460208.46667
173.52810,38.56114,2460218.17917
157.48409,38.55297,2460228.10750
180.75464,38.56278,2460001.79167
258.77454,38.46343,2460002.00750
54.41870,38.35437,2460002.43917
288.33859,38.39747,2460003.08667
239.97458,38.50239,2460003.95000
269.55582,38.43945,2460005.02917
16.90543,38.30851,2460006.32417
202.34950,38.55477,2460007.83500
105.51711,38.46330,2460009.56167
86.73091,38.42124,2460011.50417
145.89635,38.53733,2460013.66250
283.10284,38.40947,2460016.03667
137.87878,38.52553,2460018.62667
70.72535,38.38645,2460021.43250
81.49778,38.40961,2460024.45417
170.26292,38.55893,2460027.69167
336.93886,38.31792,2460031.14500
221.46889,38.53270,2460034.81417
183.83603,38.56114,2460038.69917
224.24316,38.52825,2460042.80000
342.47087,38.31368,2460047.11667
178.59104,38.56025,2460051.64917
92.58239,38.43455,2460056.39750
84.57688,38.41699,2460061.36167
154.53133,38.54551,2460066.54167
302.48241,38.36871,2460071.93750
168.10287,38.55566,2460077.54917
111.68048,38.47621,2460083.37667
133.25521,38.51676,2460089.42000
232.87163,38.51088,2460095.67917
50.10778,38.34961,2460102.15417
305.55294,38.36065,2460108.84500
278.77596,38.41449,2460115.75167
329.84991,38.32320,2460122.87417
98.73884,38.44980,2460130.21250
305.85707,38.35759,2460137.76667
230.71379,38.51191,2460145.53667
233.48846,38.50678,2460153.52250
314.16069,38.34133,2460161.72417
112.59841,38.48050,2460170.14167
349.21250,38.30344,2460178.77500
303.70133,38.35755,2460187.62417
335.99144,38.31065,2460196.68917
86.09794,38.42239,2460205.97000
274.46578,38.41882,2460215.46667
180.44001,38.56243,2460225.17917
164.39524,38.55853,2460235.10750
187.66618,38.56204,2460008.79167
265.67566,38.44832,2460009.00750
61.31133,38.36728,2460009.43917
295.23352,38.38318,2460010.08667
246.87947,38.48887,2460010.95000
276.45460,38.42420,2460012.02917
23.79326,38.31368,2460013.32417
209.25985,38.54832,2460014.83500
112.42023,38.47800,2460016.56167
93.63005,38.43674,2460018.50417
152.80611,38.54551,2460020.66250
289.99883,38.39464,2460023.03667
144.78747,38.53536,2460025.62667
77.62114,38.40121,2460028.43250
88.39580,38.42501,2460031.45417
177.17443,38.56091,2460034.69167
343.82673,38.31244,2460038.14500
228.37694,38.52193,2460041.81417
190.74756,38.55938,2460045.69917
231.15088,38.51697,2460049.80000
349.35836,38.30958,2460054.11667
185.50267,38.55986,2460058.64917
99.48270,38.44987,2460063.39750
91.47553,38.43229,2460068.36167
161.44197,38.55149,2460073.54167
309.37472,38.35582,2460078.93750
175.01430,38.55805,2460084.54917
118.58471,38.49025,2460090.37667
140.16328,38.52741,2460096.42000
239.77800,38.49793,2460102.67917
56.99960,38.36169,2460109.15417
312.44472,38.34808,2460115.84500
285.67289,38.39906,2460122.75167
336.73836,38.31562,2460129.87417
105.64047,38.46487,2460137.21250
312.74883,38.34507,2460144.76667
237.62052,38.49924,2460152.53667
240.39478,38.49378,2460160.52250
321.05102,38.33032,2460168.72417
119.50288,38.49455,2460177.14167
356.09954,38.30091,2460185.77500
310.59330,38.34470,2460194.62417
342.87922,38.30478,2460203.68917
92.99675,38.43819,2460212.97000
281.36362,38.40306,2460222.46667
187.35190,38.56174,2460232.17917
171.30681,38.56239,2460242.10750
194.57751,38.55933,2460015.79167
272.57522,38.43298,2460016.00750
68.20526,38.38118,2460016.43917
302.12701,38.36958,2460017.08667
253.78299,38.47445,2460017.95000
283.35190,38.40896,2460019.02917
30.68156,38.32052,2460020.32417
216.16958,38.54029,2460021.83500
119.32464,38.49201,2460023.56167
100.53063,38.45203,2460025.50417
159.71653,38.55193,2460027.66250
296.89333,38.38037,2460030.03667
151.69714,38.54375,2460032.62667
84.51830,38.41640,2460035.43250
95.29527,38.44037,2460038.45417
184.08598,38.56093,2460041.69167
350.71407,38.30872,2460045.14500
235.28400,38.50989,2460048.81417
197.65876,38.55581,2460052.69917
238.05738,38.50439,2460056.80000
356.24549,38.30719,2460061.11667
192.41411,38.55765,2460065.64917
106.38453,38.46489,2460070.39750
98.37558,38.44767,2460075.36167
168.35300,38.55566,2460080.54167
316.26577,38.34402,2460085.93750
181.92587,38.55865,2460091.54917
125.49032,38.50337,2460097.37667
147.07230,38.53677,2460103.42000
246.68300,38.48402,2460109.67917
63.89255,38.37486,2460116.15417
319.33540,38.33685,2460122.84500
292.56844,38.38396,2460129.75167
343.62622,38.30985,2460136.87417
112.54350,38.47957,2460144.21250
319.63941,38.33387,2460151.76667
244.52611,38.48562,2460159.53667
247.29980,38.47968,2460167.52250
327.94046,38.32083,2460175.72417
126.40869,38.50788,2460184.14167
2.98640,38.30039,2460192.77500
317.48420,38.33309,2460201.62417
349.76641,38.30065,2460210.68917
99.89712,38.45395,2460219.97000
288.26003,38.38774,2460229.46667
194.26374,38.55925,2460239.17917
178.21873,38.56431,2460249.10750
201.48852,38.55491,2460022.79167
279.47342,38.41766,2460023.00750
75.10048,38.39570,2460023.43917
309.01936,38.35692,2460024.08667
260.68513,38.45956,2460024.95000
290.24780,38.39420,2460026.02917
37.57067,38.32895,2460027.32417
223.07837,38.53063,2460028.83500
126.23044,38.50514,2460030.56167
107.43270,38.46712,2460032.50417
166.62755,38.55669,2460034.66250
303.78661,38.36688,2460037.03667
158.60746,38.55041,2460039.62667
91.41698,38.43178,2460042.43250
102.19623,38.45568,2460045.45417
190.99750,38.55916,2460048.69167
357.60126,38.30675,2460052.14500
242.18976,38.49671,2460055.81417
204.56964,38.55038,2460059.69917
244.96273,38.49083,2460063.80000
3.13257,38.30671,2460068.11667
199.32531,38.55353,2460072.64917
113.28769,38.47945,2460077.39750
105.27713,38.46271,2460082.36167
175.26448,38.55804,2460087.54167
323.15590,38.33356,2460092.93750
188.83745,38.55728,2460098.54917
132.39708,38.51552,2460104.37667
153.98218,38.54446,2460110.42000
253.58677,38.46929,2460116.67917
70.78688,38.38886,2460123.15417
326.22508,38.32688,2460129.84500
299.46257,38.36966,2460136.75167
350.51360,38.30577,2460143.87417
119.44795,38.49353,2460151.21250
326.52906,38.32397,2460158.76667
251.43029,38.47105,2460166.53667
254.20348,38.46493,2460174.52250
334.82898,38.31287,2460182.72417
133.31571,38.52004,2460191.14167
9.87330,38.30169,2460199.77500
324.37395,38.32284,2460208.62417
356.65337,38.29844,2460217.68917
106.79894,38.46949,2460226.97000
295.15492,38.37290,2460236.46667
201.17516,38.55486,2460246.17917
185.13071,38.56440,2460256.10750
208.39899,38.54860,2460029.79167
286.37005,38.40254,2460030.00750
81.99716,38.41081,2460030.43917
315.91044,38.34532,2460031.08667
267.58581,38.44417,2460031.95000
297.14229,38.37988,2460033.02917
44.46056,38.33886,2460034.32417
229.98626,38.51963,2460035.83500
133.13738,38.51716,2460037.56167
114.33616,38.48155,2460039.50417
173.53888,38.55952,2460041.66250
310.67856,38.35436,2460044.03667
165.51842,38.55541,2460046.62667
98.31704,38.44716,2460049.43250
109.09858,38.47052,2460052.45417
197.90871,38.55545,2460055.69167
4.48824,38.30665,2460059.14500
249.09433,38.48262,2460062.81417
211.47984,38.54326,2460066.69917
251.86667,38.47636,2460070.80000
10.01962,38.30799,2460075.11667
206.23598,38.54771,2460079.64917
120.19229,38.49328,2460084.39750
112.18009,38.47738,2460089.36167
182.17603,38.55851,2460094.54167
330.04505,38.32453,2460099.93750
195.74882,38.55418,2460105.54917
139.30504,38.52636,2460111.37667
160.89275,38.55060,2460117.42000
260.48904,38.45401,2460123.67917
77.68249,38.40357,2460130.15417
333.11393,38.31855,2460136.84500
306.35545,38.35612,2460143.75167
357.40071,38.30364,2460150.87417
126.35368,38.50673,2460158.21250
333.41778,38.31571,2460165.76667
258.33315,38.45592,2460173.53667
261.10571,38.44951,2460181.52250
341.71691,38.30665,2460189.72417
140.22391,38.53108,2460198.14167
16.76039,38.30499,2460206.77500
331.26289,38.31411,2460215.62417
3.54007,38.29809,2460224.68917
113.70230,38.48454,2460233.97000
302.04851,38.35891,2460243.46667
208.08618,38.54874,2460253.17917
192.04265,38.56251,2460263.10750
215.30881,38.54070,2460036.79167
293.26537,38.38790,2460037.00750
88.89526,38.42611,2460037.43917
322.80059,38.33504,2460038.08667
274.48504,38.42874,2460038.95000
304.03549,38.36646,2460040.02917
51.35154,38.35009,2460041.32417
236.89294,38.50730,2460042.83500
140.04549,38.52792,2460044.56167
121.24100,38.49536,2460046.50417
180.45045,38.56061,2460048.66250
317.56950,38.34297,2460051.03667
172.42967,38.55855,2460053.62667
105.21864,38.46226,2460056.43250
116.00238,38.48489,2460059.45417
204.81955,38.55001,2460062.69167
11.37542,38.30835,2460066.14500
255.99743,38.46778,2460069.81417
218.38936,38.53446,2460073.69917
258.76931,38.46133,2460077.80000
16.90696,38.31115,2460082.11667
213.14610,38.54009,2460086.64917
127.09814,38.50621,2460091.39750
119.08446,38.49129,2460096.36167
189.08765,38.55715,2460101.54167
336.93355,38.31709,2460106.93750
202.65985,38.54913,2460112.54917
146.21395,38.53588,2460118.37667
167.80385,38.55487,2460124.42000
267.38996,38.43834,2460130.67917
84.57962,38.41869,2460137.15417
340.00206,38.31177,2460143.84500
313.24706,38.34378,2460150.75167
4.28766,38.30328,2460157.87417
133.26068,38.51878,2460165.21250
340.30586,38.30905,2460172.76667
265.23448,38.44030,2460180.53667
268.00652,38.43388,2460188.52250
348.60422,38.30216,2460196.72417
147.13310,38.54061,2460205.14167
23.64783,38.31003,2460213.77500
338.15093,38.30702,2460222.62417
10.42690,38.29974,2460231.68917
120.60700,38.49897,2460240.97000
308.94070,38.34581,2460250.46667
214.99643,38.54085,2460260.17917
198.95427,38.55886,2460270.10750
222.21776,38.53113,2460043.79167
300.15924,38.37392,2460044.00750
95.79486,38.44155,2460044.43917
329.68974,38.32616,2460045.08667
281.38277,38.41327,2460045.95000
310.92744,38.35390,2460047.02917
58.24355,38.36250,2460048.32417
243.79850,38.49396,2460049.83500
146.95447,38.53729,2460051.56167
128.14706,38.50810,2460053.50417
187.36199,38.55970,2460055.66250
324.45932,38.33290,2460058.03667
179.34126,38.55987,2460060.62667
112.12161,38.47693,2460063.43250
122.90749,38.49835,2460066.45417
211.72973,38.54276,2460069.69167
18.26276,38.31190,2460073.14500
262.89921,38.45245,2460076.81417
225.29789,38.52424,2460080.69917
265.67042,38.44579,2460084.80000
23.79463,38.31604,2460089.11667
220.05538,38.53095,2460093.64917
134.00525,38.51802,2460098.39750
125.99010,38.50443,2460103.36167
195.99896,38.55390,2460108.54167
343.82133,38.31132,2460113.93750
209.57033,38.54244,2460119.54917
153.12377,38.54379,2460125.37667
174.71530,38.55746,2460131.42000
274.28931,38.42257,2460137.67917
91.47817,38.43410,2460144.15417
346.88966,38.30686,2460150.84500
320.13760,38.33256,2460157.75167
11.17470,38.30492,2460164.87417
140.16880,38.52968,2460172.21250
347.19334,38.30426,2460179.76667
272.13442,38.42455,2460187.53667
274.90579,38.41801,2460195.52250
355.49126,38.29961,2460203.72417
154.04320,38.54872,2460212.14167
30.53580,38.31698,2460220.77500
345.03847,38.30172,2460229.62417
17.31385,38.30325,2460238.68917
127.51310,38.51245,2460247.97000
315.83175,38.33397,2460257.46667
221.90594,38.53144,2460267.17917
205.86549,38.55328,2460277.10750
229.12577,38.52026,2460050.79167
307.05195,38.36080,2460051.00750
102.69586,38.45675,2460051.43917
336.57825,38.31882,2460052.08667
288.27909,38.39822,2460052.95000
317.81830,38.34260,2460054.02917
65.13686,38.37589,2460055.32417
250.70264,38.47967,2460056.83500
153.86438,38.54509,2460058.56167
135.05436,38.51983,2460060.50417
194.27343,38.55702,2460062.66250
331.34838,38.32429,2460065.03667
186.25280,38.55926,2460067.62667
119.02601,38.49088,2460070.43250
129.81388,38.51092,2460073.45417
218.63923,38.53398,2460076.69167
25.15061,38.31714,2460080.14500
269.79943,38.43681,2460083.81417
232.20549,38.51257,2460087.69917
272.57015,38.43011,2460091.80000
30.68295,38.32269,2460096.11667
226.96379,38.52025,2460100.64917
140.91337,38.52861,2460105.39750
132.89701,38.51641,2460110.36167
202.91002,38.54885,2460115.54167
350.70878,38.30735,2460120.93750
216.48012,38.53398,2460126.54917
160.03424,38.55016,2460132.37667
181.62695,38.55806,2460138.42000
281.18728,38.40685,2460144.67917
98.37824,38.44947,2460151.15417
353.77685,38.30365,2460157.84500
327.02712,38.32288,2460164.75167
18.06195,38.30834,2460171.87417
147.07795,38.53910,2460179.21250
354.08048,38.30118,2460186.76667
279.03276,38.40874,2460194.53667
281.80359,38.40237,2460202.52250
2.37803,38.29893,2460210.72417
160.95397,38.55508,2460219.14167
37.42449,38.32551,2460227.77500
351.92545,38.29828,2460236.62417
24.20127,38.30864,2460245.68917
134.42041,38.52488,2460254.97000
322.72162,38.32342,2460264.46667
228.81434,38.52052,2460274.17917
212.77603,38.54604,2460284.10750
236.03265,38.50799,2460057.79167
313.94336,38.34872,2460058.00750
109.59837,38.47164,2460058.43917
343.46604,38.31314,2460059.08667
295.17399,38.38356,2460059.95000
324.70813,38.33251,2460061.02917
72.03142,38.39009,2460062.32417
257.60550,38.46476,2460063.83500
160.77490,38.55122,2460065.56167
141.96268,38.53014,2460067.50417
201.18446,38.55241,2460069.66250
338.23662,38.31728,2460072.03667
193.16430,38.55683,2460074.62667
125.93163,38.50401,2460077.43250
136.72136,38.52223,2460080.45417
225.54773,38.52361,2460083.69167
32.03896,38.32414,2460087.14500
276.69828,38.42111,2460090.81417
239.11188,38.49978,2460094.69917
279.46834,38.41441,2460098.80000
37.57190,38.33090,2460103.11667
233.87108,38.50835,2460107.64917
147.82255,38.53774,2460112.39750
139.80501,38.52724,2460117.36167
209.82044,38.54204,2460122.54167
357.59585,38.30521,2460127.93750
223.38906,38.52413,2460133.54917
166.94534,38.55470,2460139.37667
188.53861,38.55689,2460145.42000
288.08369,38.39151,2460151.67917
105.27972,38.46470,2460158.15417
0.66384,38.30242,2460164.84500
333.91583,38.31466,2460171.75167
24.94965,38.31368,2460178.87417
153.98794,38.54710,2460186.21250
0.96734,38.30011,2460193.76667
285.92970,38.39327,2460201.53667
288.69987,38.38698,2460209.52250
9.26489,38.30017,2460217.72417
167.86534,38.55979,2460226.14167
44.31405,38.33574,2460234.77500
358.81227,38.29670,2460243.62417
31.08917,38.31579,2460252.68917
141.32891,38.53597,2460261.97000
329.61062,38.31442,2460271.46667
235.72173,38.50835,2460281.17917
219.68581,38.53706,2460291.10750
242.93835,38.49472,2460064.79167
320.83380,38.33790,2460065.00750
116.50222,38.48586,2460065.43917
350.35349,38.30922,2460066.08667
302.06759,38.36974,2460066.95000
331.59714,38.32400,2460068.02917
78.92744,38.40487,2460069.32417
264.50684,38.44934,2460070.83500
167.68600,38.55557,2460072.56167
148.87197,38.53911,2460074.50417
208.09504,38.54614,2460076.66250
345.12440,38.31192,2460079.03667
200.07537,38.55253,2460081.62667
132.83854,38.51602,2460084.43250
143.62995,38.53230,2460087.45417
232.45530,38.51196,2460090.69167
38.92816,38.33267,2460094.14500
283.59559,38.40558,2460097.81417
246.01709,38.48591,2460101.69917
286.36519,38.39902,2460105.80000
44.46179,38.34066,2460110.11667
240.77728,38.49519,2460114.64917
154.73248,38.54532,2460119.39750
146.71402,38.53656,2460124.36167
216.73026,38.53359,2460129.54167
4.48293,38.30492,2460134.93750
230.29703,38.51275,2460140.54917
173.85677,38.55750,2460146.37667
195.45007,38.55375,2460152.42000
294.97878,38.37663,2460158.67917
112.18271,38.47945,2460165.15417
7.55079,38.30300,2460171.84500
340.80382,38.30823,2460178.75167
31.83785,38.32068,2460185.87417
160.89867,38.55335,2460193.21250
7.85422,38.30086,2460200.76667
292.82509,38.37822,2460208.53667
295.59477,38.37226,2460216.52250
16.15182,38.30330,2460224.72417
174.77706,38.56255,2460233.14167
51.20458,38.34727,2460241.77500
5.69889,38.29707,2460250.62417
37.97789,38.32467,2460259.68917
148.23836,38.54570,2460268.97000
336.49872,38.30699,2460278.46667
242.62776,38.49502,2460288.17917
226.59459,38.52669,2460298.10750
249.84271,38.48045,2460071.79167
327.72321,38.32847,2460072.00750
123.40746,38.49933,2460072.43917
357.24057,38.30710,2460073.08667
308.95989,38.35674,2460073.95000
338.48538,38.31697,2460075.02917
85.82479,38.42006,2460076.32417
271.40681,38.43372,2460077.83500
174.59734,38.55814,2460079.56167
155.78199,38.54638,2460081.50417
215.00488,38.53808,2460083.66250
352.01166,38.30837,2460086.03667
206.98608,38.54646,2460088.62667
139.74651,38.52682,2460091.43250
150.53940,38.54078,2460094.45417
239.36164,38.49906,2460097.69167
45.81817,38.34273,2460101.14500
290.49158,38.39042,2460104.81417
252.92089,38.47132,2460108.69917
293.26051,38.38403,2460112.80000
51.35261,38.35175,2460117.11667
247.68214,38.48117,2460121.64917
161.64316,38.55120,2460126.39750
153.62386,38.54449,2460131.36167
223.63912,38.52362,2460136.54167
11.36997,38.30652,2460141.93750
237.20386,38.50024,2460147.54917
180.76844,38.55836,2460153.37667
202.36120,38.54894,2460159.42000
301.87239,38.36257,2460165.67917
119.08707,38.49361,2460172.15417
14.43790,38.30557,2460178.84500
347.69127,38.30345,2460185.75167
38.72682,38.32943,2460192.87417
167.80993,38.55793,2460200.21250
14.74120,38.30363,2460207.76667
299.71918,38.36391,2460215.53667
302.48822,38.35821,2460223.52250
23.03921,38.30835,2460231.72417
181.68902,38.56356,2460240.14167
58.09627,38.36019,2460248.77500
12.58570,38.29935,2460257.62417
44.86740,38.33509,2460266.68917
155.14872,38.55378,2460275.97000
343.38625,38.30139,2460285.46667
249.53254,38.48079,2460295.17917
233.50231,38.51483,2460305.10750
256.74575,38.46559,2460078.79167
334.61191,38.32054,2460079.00750
130.31385,38.51174,2460079.43917
4.12765,38.30679,2460080.08667
315.85108,38.34496,2460080.95000
345.37310,38.31174,2460082.02917
92.72367,38.43540,2460083.32417
278.30521,38.41803,2460084.83500
181.50895,38.55881,2460086.56167
162.69272,38.55206,2460088.50417
221.91398,38.52854,2460090.66250
358.89880,38.30661,2460093.03667
213.89606,38.53868,2460095.62667
146.65552,38.53617,2460098.43250
157.44967,38.54775,2460101.45417
246.26682,38.48524,2460104.69167
52.70928,38.35404,2460108.14500
297.38607,38.37586,2460111.81417
259.82337,38.45604,2460115.69917
300.15456,38.36980,2460119.80000
58.24463,38.36407,2460124.11667
254.58570,38.46629,2460128.64917
168.55427,38.55539,2460133.39750
160.53443,38.55064,2460138.36167
230.54710,38.51224,2460143.54167
18.25735,38.30998,2460148.93750
244.10947,38.48656,2460154.54917
187.68010,38.55747,2460160.37667
209.27180,38.54224,2460166.42000
308.76482,38.34942,2460172.67917
125.99282,38.50686,2460179.15417
21.32528,38.30989,2460185.84500
354.57833,38.30064,2460192.75167
45.61664,38.33963,2460199.87417
174.72160,38.56059,2460207.21250
21.62853,38.30814,2460214.76667
306.61183,38.35045,2460222.53667
309.38042,38.34527,2460230.52250
29.92703,38.31517,2460238.72417
188.60095,38.56258,2460247.14167
64.98921,38.37409,2460255.77500
19.47270,38.30357,2460264.62417
51.75804,38.34693,2460273.68917
162.05973,38.56020,2460282.97000
350.27321,38.29756,2460292.46667
256.43578,38.46580,2460302.17917
240.40877,38.50188,2460312.10750
263.64730,38.45012,2460085.79167
341.49985,38.31427,2460086.00750
137.22149,38.52304,2460086.43917
11.01470,38.30835,2460087.08667
322.74119,38.33436,2460087.95000
352.26039,38.30818,2460089.02917
99.62398,38.45070,2460090.32417
285.20226,38.40260,2460091.83500
188.42049,38.55762,2460093.56167
169.60387,38.55587,2460095.50417
228.82205,38.51749,2460097.66250
5.78580,38.30674,2460100.03667
220.80534,38.52934,2460102.62667
153.56530,38.54406,2460105.43250
164.36046,38.55292,2460108.45417
253.17057,38.47053,2460111.69167
59.60146,38.36660,2460115.14500
304.27934,38.36211,2460118.81417
266.72434,38.44046,2460122.69917
307.04724,38.35641,2460126.80000
65.13778,38.37740,2460131.11667
261.48780,38.45099,2460135.64917
175.46581,38.55769,2460140.39750
167.44554,38.55514,2460145.36167
237.45385,38.49965,2460150.54167
25.14504,38.31527,2460155.93750
251.01376,38.47216,2460161.54917
194.59168,38.55461,2460167.37667
216.18174,38.53398,2460173.42000
315.65598,38.33749,2460179.67917
132.89975,38.51917,2460186.15417
28.21316,38.31611,2460192.84500
1.46521,38.29963,2460199.75167
52.50753,38.35132,2460206.87417
181.63345,38.56152,2460214.21250
28.51629,38.31458,2460221.76667
313.50332,38.33817,2460229.53667
316.27136,38.33341,2460237.52250
36.81564,38.32370,2460245.72417
195.51275,38.55982,2460254.14167
71.88352,38.38898,2460262.77500
26.36024,38.30957,2460271.62417
58.64976,38.36002,2460280.68917
168.97131,38.56474,2460289.97000
357.15997,38.29566,2460299.46667
263.33763,38.45034,2460309.17917
247.31393,38.48781,2460319.10750
270.54746,38.43449,2460092.79167
348.38742,38.30973,2460093.00750
144.13009,38.53292,2460093.43917
17.90211,38.31171,2460094.08667
329.63046,38.32531,2460094.95000
359.14751,38.30655,2460096.02917
106.52581,38.46569,2460097.32417
292.09780,38.38757,2460098.83500
195.33193,38.55454,2460100.56167
176.51539,38.55794,2460102.50417
235.72911,38.50526,2460104.66250
12.67300,38.30866,2460107.03667
227.71357,38.51853,2460109.62667
160.47586,38.55022,2460112.43250
171.27179,38.55637,2460115.45417
260.07300,38.45530,2460118.69167
66.49497,38.38006,2460122.14500
311.17129,38.34939,2460125.81417
273.62390,38.42463,2460129.69917
313.93883,38.34415,2460133.80000
72.03234,38.39159,2460138.11667
268.38850,38.43524,2460142.64917
182.37745,38.55817,2460147.39750
174.35702,38.55772,2460152.36167
244.35947,38.48598,2460157.54167
32.03340,38.32224,2460162.93750
257.91667,38.45696,2460168.54917
201.50289,38.55000,2460174.37667
223.09081,38.52408,2460180.42000
322.54615,38.32679,2460186.67917
139.80788,38.53018,2460193.15417
35.10167,38.32397,2460199.84500
8.35205,38.30065,2460206.75167
59.39950,38.36415,2460213.87417
188.54534,38.56046,2460221.21250
35.40477,38.32265,2460228.76667
320.39359,38.32712,2460236.53667
323.16129,38.32299,2460244.52250
43.70501,38.33381,2460252.72417
202.42415,38.55510,2460261.14167
78.77922,38.40444,2460269.77500
33.24830,38.31738,2460278.62417
65.54284,38.37417,2460287.68917
175.88318,38.56749,2460296.97000
4.04651,38.29565,2460306.46667
270.23784,38.43458,2460316.17917
254.21764,38.47307,2460326.10750
277.44610,38.41873,2460099.79167
355.27458,38.30701,2460100.00750
151.03967,38.54136,2460100.43917
24.78985,38.31688,2460101.08667
336.51891,38.31772,2460101.95000
6.03452,38.30666,2460103.02917
113.42898,38.48024,2460104.32417
298.99208,38.37322,2460105.83500
202.24291,38.54969,2460107.56167
183.42696,38.55805,2460109.50417
242.63489,38.49183,2460111.66250
19.56040,38.31246,2460114.03667
234.62084,38.50643,2460116.62667
167.38690,38.55468,2460119.43250
178.18330,38.55791,2460122.45417
266.97391,38.43964,2460125.69167
73.38973,38.39441,2460129.14500
318.06222,38.33783,2460132.81417
280.52193,38.40898,2460136.69917
320.82922,38.33310,2460140.80000
78.92823,38.40640,2460145.11667
275.28766,38.41949,2460149.64917
189.28914,38.55673,2460154.39750
181.26869,38.55858,2460159.36167
251.26366,38.47150,2460164.54167
38.92240,38.33090,2460169.93750
264.81813,38.44145,2460175.54917
208.41364,38.54353,2460181.37667
229.99893,38.51290,2460187.42000
329.43526,38.31764,2460193.67917
146.71700,38.53986,2460200.15417
41.99102,38.33353,2460206.84500
15.23904,38.30345,2460213.75167
66.29276,38.37811,2460220.87417
195.45704,38.55762,2460228.21250
42.29403,38.33244,2460235.76667
327.28297,38.31755,2460243.53667
330.05019,38.31399,2460251.52250
50.59548,38.34538,2460259.72417
209.33507,38.54872,2460268.14167
85.67645,38.42045,2460276.77500
40.13727,38.32681,2460285.62417
72.43721,38.38918,2460294.68917
182.79527,38.56824,2460303.97000
10.93322,38.29761,2460313.46667
277.13661,38.41878,2460323.17917
261.11990,38.45760,2460333.10750
284.34335,38.40326,2460106.79167
2.16168,38.30609,2460107.00750
157.94990,38.54815,2460107.43917
31.67826,38.32370,2460108.08667
343.40680,38.31191,2460108.95000
12.92170,38.30872,2460110.02917
120.33362,38.49405,2460111.32417
305.88495,38.35968,2460112.83500
209.15348,38.54303,2460114.56167
190.33856,38.55636,2460116.50417
249.53945,38.47758,2460118.66250
26.44834,38.31799,2460121.03667
241.52683,38.49320,2460123.62667
174.29836,38.55726,2460126.43250
185.09499,38.55765,2460129.45417
273.87344,38.42389,2460132.69167
80.28595,38.40925,2460136.14500
324.95202,38.32765,2460139.81417
287.41856,38.39351,2460143.69917
327.71875,38.32354,2460147.80000
85.82561,38.42165,2460152.11667
282.18538,38.40376,2460156.64917
196.20056,38.55352,2460161.39750
188.18040,38.55745,2460166.36167
258.16657,38.45633,2460171.54167
45.81239,38.34106,2460176.93750
271.71809,38.42560,2460182.54917
215.32368,38.53552,2460188.37667
236.90591,38.50035,2460194.42000
336.32365,38.31006,2460200.67917
153.62704,38.54794,2460207.15417
48.88126,38.34447,2460213.84500
22.12634,38.30823,2460220.75167
73.18734,38.39285,2460227.87417
202.36841,38.55284,2460235.21250
49.18427,38.34358,2460242.76667
334.17136,38.30953,2460250.53667
336.93835,38.30673,2460258.52250
57.48700,38.35823,2460266.72417
216.24521,38.54055,2460275.14167
92.57518,38.43657,2460283.77500
47.02709,38.33780,2460292.62417
79.33311,38.40482,2460301.68917
189.70727,38.56712,2460310.97000
17.82008,38.30144,2460320.46667
284.03373,38.40314,2460330.17917
268.02059,38.44189,2460340.10750
291.23910,38.38809,2460113.79167
9.04870,38.30707,2460114.00750
164.86083,38.55326,2460114.43917
38.56731,38.33218,2460115.08667
350.29420,38.30778,2460115.95000
19.80914,38.31252,2460117.02917
127.23949,38.50698,2460118.32417
312.77672,38.34723,2460119.83500
216.06326,38.53475,2460121.56167
197.24987,38.55275,2460123.50417
256.44256,38.46256,2460125.66250
33.33681,38.32528,2460128.03667
248.43165,38.47904,2460130.62667
181.20995,38.55808,2460133.43250
192.00650,38.55547,2460136.45417
280.77141,38.40815,2460139.69167
87.18358,38.42457,2460143.14500
331.84105,38.31898,2460146.81417
294.31370,38.37867,2460150.69917
334.60735,38.31551,2460154.80000
92.72438,38.43710,2460159.11667
289.08161,38.38851,2460163.64917
203.11170,38.54842,2460168.39750
195.09195,38.55455,2460173.36167
265.06792,38.44077,2460178.54167
52.70330,38.35264,2460183.93750
278.61658,38.40990,2460189.54917
222.23295,38.52583,2460195.37667
243.81168,38.48684,2460201.42000
343.21132,38.30428,2460207.67917
160.53776,38.55448,2460214.15417
55.77262,38.35682,2460220.84500
29.01417,38.31473,2460227.75167
80.08340,38.40830,2460234.87417
209.27925,38.54643,2460242.21250
56.07558,38.35617,2460249.76667
341.05914,38.30328,2460257.53667
343.82581,38.30114,2460265.52250
64.37985,38.37217,2460273.72417
223.15453,38.53089,2460282.14167
99.47548,38.45276,2460290.77500
53.91807,38.35007,2460299.62417
86.23045,38.42087,2460308.68917
196.61910,38.56399,2460317.97000
24.70746,38.30712,2460327.46667
290.92945,38.38792,2460337.17917
274.91976,38.42592,2460347.10750
298.13354,38.37364,2460120.79167
15.93601,38.30988,2460121.00750
171.77211,38.55652,2460121.43917
45.45734,38.34210,2460122.08667
357.18137,38.30558,2460122.95000
26.69708,38.31818,2460124.02917
134.14663,38.51878,2460125.32417
319.66729,38.33600,2460126.83500
222.97229,38.52488,2460128.56167
204.16086,38.54742,2460130.50417
263.34434,38.44713,2460132.66250
40.22613,38.33407,2460135.03667
255.33499,38.46414,2460137.62667
188.12164,38.55694,2460140.43250
198.91785,38.55148,2460143.45417
287.66799,38.39278,2460146.69167
94.08273,38.43995,2460150.14500
338.72923,38.31198,2460153.81417
301.20754,38.36445,2460157.69917
341.49538,38.30917,2460161.80000
99.62472,38.45256,2460166.11667
295.97646,38.37371,2460170.64917
210.02224,38.54162,2460175.39750
202.00316,38.54972,2460180.36167
271.96790,38.42496,2460185.54167
59.59542,38.36537,2460190.93750
285.51357,38.39430,2460196.54917
229.14121,38.51481,2460202.37667
250.71608,38.47235,2460208.42000
350.09857,38.30022,2460214.67917
167.44909,38.55918,2460221.15417
62.66516,38.37024,2460227.84500
35.90266,38.32305,2460234.75167
86.98087,38.42410,2460241.87417
216.18939,38.53822,2460249.21250
62.96816,38.36978,2460256.76667
347.94629,38.29881,2460264.53667
350.71286,38.29746,2460272.52250
71.27398,38.38701,2460280.72417
230.06277,38.51970,2460289.14167
106.37726,38.46860,2460297.77500
60.81020,38.36359,2460306.62417
93.12941,38.43709,2460315.68917
203.53046,38.55910,2460324.97000
31.59536,38.31456,2460334.46667
297.82361,38.37333,2460344.17917
281.81738,38.41018,2460354.10750
305.02660,38.35995,2460127.79167
22.82359,38.31453,2460128.00750
178.68373,38.55798,2460128.43917
52.34830,38.35343,2460129.08667
4.06836,38.30514,2460129.95000
33.58558,38.32544,2460131.02917
141.05479,38.52938,2460132.32417
326.55700,38.32616,2460133.83500
229.88026,38.51369,2460135.56167
211.07119,38.54028,2460137.50417
270.24457,38.43134,2460139.66250
47.11629,38.34442,2460142.03667
262.23702,38.44871,2460144.62667
195.03310,38.55399,2460147.43250
205.82866,38.54566,2460150.45417
294.56306,38.37789,2460153.69167
100.98330,38.45537,2460157.14500
345.61694,38.30665,2460160.81417
308.10002,38.35127,2460164.69917
348.38277,38.30459,2460168.80000
106.52649,38.46775,2460173.11667
302.86991,38.35981,2460177.64917
216.93214,38.53311,2460182.39750
208.91387,38.54327,2460187.36167
278.86627,38.40921,2460192.54167
66.48873,38.37920,2460197.93750
292.40910,38.37930,2460203.54917
236.04838,38.50241,2460209.37667
257.61914,38.45731,2460215.42000
356.98540,38.29813,2460221.67917
174.36078,38.56213,2460228.15417
69.55905,38.38470,2460234.84500
42.79198,38.33286,2460241.75167
93.87991,38.44016,2460248.87417
223.09867,38.52855,2460256.21250
69.86205,38.38446,2460263.76667
354.83317,38.29621,2460271.53667
357.59954,38.29560,2460279.52250
78.16963,38.40252,2460287.72417
236.96992,38.50735,2460296.14167
113.28059,38.48406,2460304.77500
67.70373,38.37804,2460313.62417
100.02982,38.45328,2460322.68917
210.44129,38.55228,2460331.97000
38.48413,38.32369,2460341.46667
304.71650,38.35956,2460351.17917
288.71348,38.39462,2460361.10750
311.91851,38.34737,2460134.79167
29.71180,38.32087,2460135.00750
185.59532,38.55755,2460135.43917
59.24047,38.36588,2460136.08667
10.95548,38.30666,2460136.95000
40.47492,38.33438,2460138.02917
147.96401,38.53851,2460139.32417
333.44575,38.31784,2460140.83500
236.78721,38.50116,2460142.56167
217.98089,38.53157,2460144.50417
277.14339,38.41559,2460146.66250
54.00757,38.35603,2460149.03667
269.13748,38.43300,2460151.62667
201.94426,38.54916,2460154.43250
212.73897,38.53818,2460157.45417
301.45688,38.36377,2460160.69167
107.88538,38.47039,2460164.14500
352.50412,38.30318,2460167.81417
314.99137,38.33912,2460171.69917
355.26992,38.30189,2460175.80000
113.42977,38.48248,2460180.11667
309.76212,38.34678,2460184.64917
223.84111,38.52318,2460189.39750
215.82390,38.53503,2460194.36167
285.76325,38.39368,2460199.54167
73.38346,38.39382,2460204.93750
299.30321,38.36486,2460210.54917
242.95433,38.48906,2460216.37667
264.52068,38.44170,2460222.42000
3.87217,38.29789,2460228.67917
181.27271,38.56312,2460235.15417
76.45427,38.39984,2460241.84500
49.68227,38.34425,2460248.75167
100.78042,38.45610,2460255.87417
230.00693,38.51734,2460263.21250
76.75734,38.39974,2460270.76667
1.71975,38.29552,2460278.53667
4.48619,38.29575,2460286.52250
85.06668,38.41852,2460294.72417
243.87572,38.49379,2460303.14167
120.18532,38.49870,2460311.77500
74.59859,38.39335,2460320.62417
106.93185,38.46915,2460329.68917
217.35131,38.54384,2460338.97000
45.37373,38.33434,2460348.46667
311.60799,38.34683,2460358.17917
295.60810,38.37974,2460368.10750
318.80923,38.33591,2460141.79167
36.60060,38.32893,2460142.00750
192.50694,38.55527,2460142.43917
66.13382,38.37941,2460143.08667
17.84278,38.30996,2460143.95000
47.36513,38.34472,2460145.02917
154.87400,38.54611,2460146.32417
340.33390,38.31122,2460147.83500
243.69285,38.48764,2460149.56167
224.88960,38.52129,2460151.50417
284.04065,38.39998,2460153.66250
60.89993,38.36888,2460156.03667
276.03656,38.41719,2460158.62667
208.85485,38.54268,2460161.43250
219.64840,38.52907,2460164.45417
308.34929,38.35055,2460167.69167
114.78888,38.48501,2460171.14500
359.39115,38.30157,2460174.81417
321.88158,38.32839,2460178.69917
2.15680,38.30108,2460182.80000
120.33435,38.49657,2460187.11667
316.65311,38.33505,2460191.64917
230.74916,38.51175,2460196.39750
222.73309,38.52533,2460201.36167
292.65869,38.37866,2460206.54167
80.27953,38.40913,2460211.93750
306.19601,38.35144,2460217.54917
249.85897,38.47467,2460223.37667
271.42075,38.42598,2460229.42000
10.75892,38.29966,2460235.67917
188.18464,38.56235,2460242.15417
83.35100,38.41559,2460248.84500
56.57368,38.35684,2460255.75167
107.68251,38.47183,2460262.87417
236.91406,38.50501,2460270.21250
83.65411,38.41566,2460277.76667
8.60644,38.29679,2460285.53667
11.37283,38.29776,2460293.52250
91.96534,38.43471,2460301.72417
250.78021,38.47942,2460310.14167
127.09147,38.51249,2460318.77500
81.49499,38.40911,2460327.62417
113.83531,38.48450,2460336.68917
224.26045,38.53370,2460345.97000
52.26447,38.34636,2460355.46667
318.49841,38.33535,2460365.17917
302.50132,38.36550,2460375.10750
325.69901,38.32594,2460148.79167
43.49032,38.33848,2460149.00750
199.41818,38.55112,2460149.43917
73.02856,38.39369,2460150.08667
24.73054,38.31515,2460150.95000
54.25643,38.35645,2460152.02917
161.78472,38.55199,2460153.32417
347.22140,38.30634,2460154.83500
250.59726,38.47316,2460156.56167
231.79741,38.50972,2460158.50417
290.93657,38.38482,2460160.66250
67.79361,38.38260,2460163.03667
282.93405,38.40155,2460165.62667
215.76485,38.53443,2460168.43250
226.55702,38.51851,2460171.45417
315.24061,38.33852,2460174.69167
121.69380,38.49882,2460178.14500
6.27803,38.30192,2460181.81417
328.77087,38.31899,2460185.69917
9.04376,38.30214,2460189.80000
127.24035,38.50978,2460194.11667
323.54307,38.32455,2460198.64917
237.65600,38.49917,2460203.39750
229.64130,38.51412,2460208.36167
299.55281,38.36428,2460213.54167
87.17712,38.42478,2460218.93750
313.08753,38.33897,2460224.54917
256.76217,38.45970,2460230.37667
278.31927,38.41016,2460236.42000
17.64595,38.30323,2460242.67917
195.09645,38.55959,2460249.15417
90.24919,38.43156,2460255.84500
63.46635,38.37067,2460262.75167
114.58600,38.48700,2460269.87417
243.81992,38.49145,2460277.21250
90.55241,38.43174,2460284.76667
15.49320,38.29997,2460292.53667
18.25981,38.30172,2460300.52250
98.86549,38.45091,2460308.72417
257.68317,38.46428,2460317.14167
133.99880,38.52507,2460325.77500
88.39285,38.42529,2460334.62417
120.74028,38.49907,2460343.68917
231.16848,38.52224,2460352.97000
59.15634,38.35959,2460362.46667
325.38769,38.32526,2460372.17917
309.39323,38.35236,2460382.10750
332.58784,38.31741,2460155.79167
50.38093,38.34952,2460156.00750
206.32906,38.54521,2460156.43917
79.92462,38.40867,2460157.08667
31.61878,38.32201,2460157.95000
61.14882,38.36926,2460159.02917
168.69589,38.55621,2460160.32417
354.10864,38.30327,2460161.83500
257.50020,38.45812,2460163.56167
238.70397,38.49689,2460165.50417
297.83098,38.37023,2460167.66250
74.68859,38.39721,2460170.03667
289.83019,38.38628,2460172.62667
222.67395,38.52470,2460175.43250
233.46450,38.50659,2460178.45417
322.13075,38.32777,2460181.69167
128.59999,38.51182,2460185.14500
13.16508,38.30407,2460188.81417
335.65929,38.31131,2460192.69917
15.93079,38.30512,2460196.80000
134.14753,38.52190,2460201.11667
330.43207,38.31569,2460205.64917
244.56166,38.48546,2460210.39750
236.54841,38.50177,2460215.36167
306.44549,38.35085,2460220.54167
94.07616,38.44068,2460225.93750
319.97794,38.32792,2460231.54917
263.66393,38.44414,2460237.37667
285.21634,38.39469,2460243.42000
24.53330,38.30876,2460249.67917
202.00787,38.55507,2460256.15417
97.14897,38.44768,2460262.84500
70.36031,38.38530,2460269.75167
121.49099,38.50150,2460276.87417
250.72442,38.47712,2460284.21250
97.45225,38.44799,2460291.76667
22.38043,38.30501,2460299.53667
25.14715,38.30748,2460307.52250
105.76724,38.46683,2460315.72417
264.58472,38.44875,2460324.14167
140.90737,38.53642,2460332.77500
95.29233,38.44148,2460341.62417
127.64652,38.51273,2460350.68917
238.07537,38.50938,2460359.97000
66.04958,38.37384,2460369.46667
332.27619,38.31668,2460379.17917
316.28393,38.34025,2460389.10750
339.47603,38.31059,2460162.79167
57.27271,38.36172,2460163.00750
213.23921,38.53761,2460163.43917
86.82219,38.42397,2460164.08667
38.50782,38.33057,2460164.95000
68.04255,38.38312,2460166.02917
175.60749,38.55852,2460167.32417
0.99556,38.30209,2460168.83500
264.40178,38.44253,2460170.56167
245.60937,38.48309,2460172.50417
304.72415,38.35655,2460174.66250
81.58506,38.41230,2460177.03667
296.72481,38.37163,2460179.62667
229.58213,38.51347,2460182.43250
240.37092,38.49354,2460185.45417
329.02004,38.31850,2460188.69167
135.50740,38.52361,2460192.14500
20.05231,38.30818,2460195.81417
342.54709,38.30525,2460199.69917
22.81826,38.30997,2460203.80000
141.05590,38.53276,2460208.11667
337.32029,38.30833,2460212.64917
251.46593,38.47101,2460217.39750
243.45427,38.48822,2460222.36167
313.33702,38.33848,2460227.54167
100.97678,38.45648,2460232.93750
326.86730,38.31819,2460238.54917
270.56418,38.42847,2460244.37667
292.11186,38.37956,2460250.42000
31.42130,38.31599,2460256.67917
208.91880,38.54867,2460263.15417
104.05019,38.46357,2460269.84500
77.25572,38.40077,2460276.75167
128.39725,38.51499,2460283.87417
257.62746,38.46200,2460291.21250
104.35360,38.46392,2460298.76667
29.26811,38.31186,2460306.53667
32.03518,38.31506,2460314.52250
112.67041,38.48232,2460322.72417
271.48463,38.43288,2460331.14167
147.81689,38.54618,2460339.77500
102.19330,38.45762,2460348.62417
134.55408,38.52519,2460357.68917
244.98091,38.49552,2460366.97000
72.94413,38.38891,2460376.46667
339.16382,38.30978,2460386.17917
323.17356,38.32962,2460396.10750
346.36357,38.30547,2460169.79167
64.16565,38.37509,2460170.00750
220.14871,38.52839,2460170.43917
93.72120,38.43952,2460171.08667
45.39769,38.34060,2460171.95000
74.93759,38.39769,2460173.02917
182.51921,38.55903,2460174.32417
7.88256,38.30282,2460175.83500
271.30180,38.42679,2460177.56167
252.51335,38.46843,2460179.50417
311.61597,38.34387,2460181.66250
88.48293,38.42786,2460184.03667
303.61819,38.35775,2460186.62667
236.48915,38.50112,2460189.43250
247.27594,38.47950,2460192.45417
335.90839,38.31081,2460195.69167
142.41592,38.53421,2460199.14500
26.94009,38.31406,2460202.81417
349.43435,38.30111,2460206.69917
29.70616,38.31663,2460210.80000
147.96519,38.54225,2460215.11667
344.20786,38.30284,2460219.64917
258.36884,38.45580,2460224.39750
250.35881,38.47389,2460229.36167
320.22732,38.32745,2460234.54167
107.87883,38.47208,2460239.93750
333.75583,38.31014,2460245.54917
277.46292,38.41263,2460251.37667
299.00602,38.36522,2460257.42000
38.30999,38.32500,2460263.67917
215.82900,38.54070,2460270.15417
110.95299,38.47914,2460276.84500
84.15260,38.41662,2460283.75167
135.30483,38.52738,2460290.87417
264.52902,38.44655,2460298.21250
111.25649,38.47956,2460305.76667
36.15659,38.32042,2460313.53667
38.92390,38.32426,2460321.52250
119.57510,38.49706,2460329.72417
278.38308,38.41709,2460338.14167
154.72734,38.55438,2460346.77500
109.09581,38.47328,2460355.62417
141.46273,38.53631,2460364.68917
251.88508,38.48065,2460373.97000
79.84021,38.40455,2460383.46667
346.05099,38.30465,2460393.17917
330.06223,38.32036,2460403.10750
353.25079,38.30225,2460176.79167
71.05996,38.38928,2460177.00750
227.05718,38.51772,2460177.43917
100.62176,38.45495,2460178.08667
52.28863,38.35208,2460178.95000
81.83411,38.41289,2460180.02917
189.43097,38.55759,2460181.32417
14.76960,38.30546,2460182.83500
278.20041,38.41096,2460184.56167
259.41602,38.45321,2460186.50417
318.50675,38.33244,2460188.66250
95.38232,38.44344,2460191.03667
310.51018,38.34492,2460193.62667
243.39501,38.48756,2460196.43250
254.17971,38.46471,2460199.45417
342.79619,38.30489,2460202.69167
149.32542,38.54326,2460206.14500
33.82841,38.32175,2460209.81417
356.32130,38.29872,2460213.69917
36.59483,38.32494,2460217.80000
154.87542,38.55017,2460222.11667
351.09498,38.29908,2460226.64917
265.27021,38.44027,2460231.39750
257.26191,38.45878,2460236.36167
327.11671,38.31779,2460241.54167
114.78240,38.48710,2460246.93750
340.64359,38.30369,2460252.54917
284.36013,38.39712,2460258.37667
305.89875,38.35168,2460264.42000
45.19962,38.33544,2460270.67917
222.73837,38.53103,2460277.15417
117.85719,38.49402,2460283.84500
91.05103,38.43284,2460290.75167
142.21344,38.53842,2460297.87417
271.42903,38.43072,2460305.21250
118.16082,38.49442,2460312.76667
43.04585,38.33058,2460320.53667
45.81364,38.33502,2460328.52250
126.48112,38.51090,2460336.72417
285.27990,38.40144,2460345.14167
161.63838,38.56078,2460353.77500
115.99978,38.48843,2460362.62417
148.37243,38.54588,2460371.68917
258.78777,38.46524,2460380.97000
86.73772,38.42058,2460390.46667
352.93766,38.30140,2460400.17917
336.95013,38.31284,2460410.10750
0.13769,38.30086,2460183.79167
77.95560,38.40426,2460184.00750
233.96470,38.50571,2460184.43917
107.52373,38.47022,2460185.08667
59.18062,38.36473,2460185.95000
88.73200,38.42839,2460187.02917
196.34248,38.55441,2460188.32417
21.65705,38.30991,2460189.83500
285.09745,38.39546,2460191.56167
266.31712,38.43755,2460193.50417
325.39639,38.32235,2460195.66250
102.28318,38.45904,2460198.03667
317.40109,38.33326,2460200.62667
250.29949,38.47321,2460203.43250
261.08194,38.44935,2460206.45417
349.68339,38.30077,2460209.69167
156.23574,38.55086,2460213.14500
40.71757,38.33098,2460216.81417
3.20804,38.29835,2460220.69917
43.48424,38.33488,2460224.80000
161.78628,38.55641,2460229.11667
357.98179,38.29732,2460233.64917
272.17013,38.42443,2460238.39750
264.16359,38.44333,2460243.36167
334.00513,38.30978,2460248.54167
121.68734,38.50147,2460253.93750
347.53085,38.29916,2460259.54917
291.25585,38.38193,2460265.37667
312.79031,38.33932,2460271.42000
52.09023,38.34742,2460277.67917
229.64669,38.52003,2460284.15417
124.76284,38.50811,2460290.84500
97.95095,38.44898,2460297.75167
149.12314,38.54800,2460304.87417
278.32751,38.41501,2460312.21250
125.06658,38.50852,2460319.76667
49.93622,38.34214,2460327.53667
52.70438,38.34712,2460335.52250
133.38846,38.52356,2460343.72417
292.17533,38.38629,2460352.14167
168.55006,38.56539,2460360.77500
122.90520,38.50265,2460369.62417
155.28289,38.55387,2460378.68917
265.68897,38.44924,2460387.97000
93.63686,38.43673,2460397.46667
359.82422,38.29998,2460407.17917
343.83738,38.30694,2460417.10750
7.02461,38.30141,2460190.79167
84.85271,38.41961,2460191.00750
240.87092,38.49260,2460191.43917
114.42720,38.48491,2460192.08667
66.07392,38.37847,2460192.95000
95.63146,38.44408,2460194.02917
203.25369,38.54931,2460195.32417
28.54488,38.31620,2460196.83500
291.99311,38.38031,2460198.56167
273.21682,38.42177,2460200.50417
332.28523,38.31387,2460202.66250
109.18556,38.47422,2460205.03667
324.29086,38.32303,2460207.62667
257.20261,38.45808,2460210.43250
267.98280,38.43365,2460213.45417
356.57036,38.29850,2460216.69167
163.14672,38.55667,2460220.14500
47.60757,38.34180,2460223.81417
10.09485,38.29981,2460227.69917
50.37473,38.34626,2460231.80000
168.69776,38.56087,2460236.11667
4.86849,38.29737,2460240.64917
279.06849,38.40875,2460245.39750
271.06372,38.42750,2460250.36167
340.89293,38.30343,2460255.54167
128.59367,38.51483,2460260.93750
354.41768,38.29639,2460266.54917
298.15014,38.36752,2460272.37667
319.68062,38.32814,2460278.42000
58.98207,38.36052,2460284.67917
236.55388,38.50763,2460291.15417
131.66971,38.52111,2460297.84500
104.85246,38.46502,2460304.75167
156.03359,38.55590,2460311.87417
285.22443,38.39941,2460319.21250
131.97357,38.52144,2460326.76667
56.82766,38.35501,2460334.53667
59.59641,38.36045,2460342.52250
140.29689,38.53499,2460350.72417
299.06922,38.37172,2460359.14167
175.46200,38.56800,2460367.77500
129.81190,38.51594,2460376.62417
162.19411,38.56003,2460385.68917
272.58860,38.43313,2460394.97000
100.53745,38.45282,2460404.46667
6.71061,38.30051,2460414.17917
350.72419,38.30300,2460424.10750
13.91158,38.30382,2460197.79167
91.75127,38.43531,2460198.00750
247.77596,38.47850,2460198.43917
121.33202,38.49897,2460199.08667
72.96851,38.39301,2460199.95000
102.53237,38.45960,2460201.02917
210.16430,38.54254,2460202.32417
35.43347,38.32419,2460203.83500
298.88729,38.36594,2460205.56167
280.11492,38.40602,2460207.50417
339.17322,38.30703,2460209.66250
116.08935,38.48897,2460212.03667
331.17981,38.31424,2460214.62667
264.10424,38.44262,2460217.43250
274.88204,38.41784,2460220.45417
3.45706,38.29815,2460223.69167
170.05821,38.56079,2460227.14500
54.49872,38.35391,2460230.81417
16.98183,38.30329,2460234.69917
57.26625,38.35896,2460238.80000
175.60951,38.56354,2460243.11667
11.75525,38.29945,2460247.64917
285.96538,38.39320,2460252.39750
277.96235,38.41180,2460257.36167
347.78010,38.29896,2460262.54167
135.50118,38.52716,2460267.93750
1.30435,38.29563,2460273.54917
305.04305,38.35384,2460279.37667
326.56999,38.31849,2460285.42000
65.87517,38.37479,2460291.67917
243.45979,38.49426,2460298.15417
138.57786,38.53293,2460304.84500
111.75545,38.48050,2460311.75167
162.94480,38.56207,2460318.87417
292.11989,38.38438,2460326.21250
138.88181,38.53320,2460333.76667
63.72045,38.36894,2460341.53667
66.48965,38.37478,2460349.52250
147.20641,38.54487,2460357.72417
305.96182,38.35812,2460366.14167
182.37417,38.56870,2460374.77500
136.71982,38.52791,2460383.62417
169.10578,38.56436,2460392.68917
279.48671,38.41691,2460401.97000
107.43962,38.46855,2460411.46667
13.59727,38.30294,2460421.17917
357.61073,38.30084,2460431.10750
20.79891,38.30816,2460204.79167
98.65139,38.45096,2460205.00750
254.67954,38.46367,2460205.43917
128.23822,38.51204,2460206.08667
79.86457,38.40824,2460206.95000
109.43483,38.47485,2460208.02917
217.07426,38.53403,2460209.32417
42.32279,38.33382,2460210.83500
305.78019,38.35233,2460212.56167
287.01164,38.39059,2460214.50417
346.06073,38.30196,2460216.66250
122.99454,38.50287,2460219.03667
338.06786,38.30716,2460221.62667
271.00441,38.42679,2460224.43250
281.77988,38.40217,2460227.45417
10.34389,38.29975,2460230.69167
176.97003,38.56296,2460234.14500
61.39099,38.36730,2460237.81417
23.86921,38.30850,2460241.69917
64.15908,38.37271,2460245.80000
182.52152,38.56429,2460250.11667
18.64226,38.30333,2460254.64917
292.86075,38.37826,2460259.39750
284.85943,38.39621,2460264.36167
354.66698,38.29627,2460269.54167
142.40985,38.53808,2460274.93750
8.19096,38.29672,2460280.54917
311.93469,38.34136,2460286.37667
333.45840,38.31035,2460292.42000
72.76966,38.38977,2460298.67917
250.36435,38.47984,2460305.15417
145.48700,38.54326,2460311.84500
118.65994,38.49541,2460318.75167
169.85640,38.56640,2460325.87417
299.01387,38.36988,2460333.21250
145.79106,38.54339,2460340.76667
70.61452,38.38381,2460348.53667
73.38436,38.38991,2460356.52250
154.11675,38.55316,2460364.72417
312.85308,38.34552,2460373.14167
189.28620,38.56742,2460381.77500
143.62882,38.53855,2460390.62417
176.01783,38.56670,2460399.68917
286.38330,38.40107,2460408.97000
114.34320,38.48374,2460418.46667
20.48416,38.30730,2460428.17917
4.49719,38.30069,2460438.10750
27.68664,38.31429,2460211.79167
105.55296,38.46651,2460212.00750
261.58177,38.44825,2460212.43917
135.14559,38.52412,2460213.08667
86.76201,38.42387,2460213.95000
116.33863,38.48954,2460215.02917
223.98330,38.52411,2460216.32417
49.21313,38.34486,2460217.83500
312.67177,38.33991,2460219.56167
293.90679,38.37563,2460221.50417
352.94770,38.29872,2460223.66250
129.90102,38.51592,2460226.03667
344.95540,38.30182,2460228.62667
277.90302,38.41107,2460231.43250
288.67612,38.38684,2460234.45417
17.23083,38.30326,2460237.69167
183.88199,38.56337,2460241.14500
68.28461,38.38156,2460244.81417
30.75710,38.31563,2460248.69917
71.05317,38.38743,2460252.80000
189.43345,38.56317,2460257.11667
25.52972,38.30918,2460261.64917
299.75473,38.36390,2460266.39750
291.75507,38.38118,2460271.36167
1.55358,38.29557,2460276.54167
149.31948,38.54760,2460281.93750
15.07779,38.29982,2460287.54917
318.82514,38.33001,2460293.37667
340.34618,38.30397,2460299.42000
79.66559,38.40550,2460305.67917
257.26745,38.46484,2460312.15417
152.39713,38.55206,2460318.84500
125.56573,38.50934,2460325.75167
176.76843,38.56882,2460332.87417
305.90652,38.35639,2460340.21250
152.70127,38.55210,2460347.76667
77.51010,38.39929,2460355.53667
80.28048,38.40561,2460363.52250
161.02786,38.55964,2460371.72417
319.74329,38.33422,2460380.14167
196.19813,38.56421,2460388.77500
150.53880,38.54754,2460397.62417
182.92995,38.56718,2460406.68917
293.27841,38.38556,2460415.97000
121.24829,38.49812,2460425.46667
27.37166,38.31339,2460435.17917
11.38373,38.30237,2460445.10750
34.57507,38.32216,2460218.79167
112.45602,38.48154,2460219.00750
268.48242,38.43257,2460219.43917
142.05410,38.53483,2460220.08667
93.66102,38.43973,2460220.95000
123.24390,38.50350,2460222.02917
230.89138,38.51268,2460223.32417
56.10448,38.35728,2460224.83500
319.56227,38.32866,2460226.56167
300.80064,38.36146,2460228.50417
359.83453,38.29742,2460230.66250
136.80874,38.52771,2460233.03667
351.84240,38.29837,2460235.62667
284.80016,38.39546,2460238.43250
295.57102,38.37207,2460241.45417
24.11826,38.30860,2460244.69167
190.79390,38.56179,2460248.14500
75.17955,38.39673,2460251.81417
37.64576,38.32435,2460255.69917
77.94877,38.40280,2460259.80000
196.34525,38.56012,2460264.11667
32.41775,38.31668,2460268.64917
306.64734,38.35058,2460273.39750
298.64922,38.36670,2460278.36167
8.44025,38.29675,2460283.54167
156.22997,38.55542,2460288.93750
21.96492,38.30470,2460294.54917
325.71458,38.32020,2460300.37667
347.23331,38.29932,2460306.42000
86.56306,38.42151,2460312.67917
264.16904,38.44924,2460319.15417
159.30791,38.55914,2460325.84500
132.47289,38.52227,2460332.75167
183.68048,38.56927,2460339.87417
312.79785,38.34387,2460347.21250
159.61214,38.55900,2460354.76667
84.40711,38.41527,2460362.53667
87.17819,38.42168,2460370.52250
167.93943,38.56436,2460378.72417
326.63238,38.32428,2460387.14167
203.10954,38.55903,2460395.77500
157.44955,38.55494,2460404.62417
189.84209,38.56560,2460413.68917
300.17207,38.37088,2460422.97000
128.15465,38.51157,2460432.46667
34.25974,38.32128,2460442.17917
18.27057,38.30606,2460452.10750
41.46422,38.33164,2460225.79167
119.36047,38.49603,2460226.00750
275.38165,38.41675,2460226.43917
148.96358,38.54419,2460227.08667
100.56149,38.45551,2460227.95000
130.15042,38.51645,2460229.02917
237.79827,38.50012,2460230.32417
62.99713,38.37079,2460231.83500
326.45169,38.31894,2460233.56167
307.69306,38.34820,2460235.50417
6.72120,38.29803,2460237.66250
143.71753,38.53830,2460240.03667
358.72922,38.29674,2460242.62667
291.69580,38.38042,2460245.43250
302.46441,38.35809,2460248.45417
31.00614,38.31575,2460251.69167
197.70559,38.55843,2460255.14500
82.07601,38.41237,2460258.81417
44.53528,38.33475,2460262.69917
84.84576,38.41871,2460266.80000
203.25659,38.55531,2460271.11667
39.30657,38.32596,2460275.64917
313.53872,38.33825,2460280.39750
305.54204,38.35322,2460285.36167
15.32703,38.29992,2460290.54167
163.14109,38.56161,2460295.93750
28.85263,38.31148,2460301.54917
332.60310,38.31183,2460307.37667
354.12015,38.29661,2460313.42000
93.46205,38.43781,2460319.67917
271.06911,38.43352,2460326.15417
166.21940,38.56445,2460332.84500
139.38117,38.53381,2460339.75167
190.59256,38.56775,2460346.87417
319.68809,38.33271,2460354.21250
166.52368,38.56416,2460361.76667
91.30573,38.43142,2460369.53667
94.07734,38.43788,2460377.52250
174.85143,38.56710,2460385.72417
333.52069,38.31597,2460394.14167
210.02048,38.55204,2460402.77500
164.36092,38.56044,2460411.62417
196.75392,38.56213,2460420.68917
307.06442,38.35700,2460429.97000
135.06232,38.52379,2460439.46667
41.14875,38.33075,2460449.17917
25.15782,38.31151,2460459.10750
48.35439,38.34264,2460232.79167
126.26632,38.50957,2460233.00750
282.27928,38.40111,2460233.43917
155.87393,38.55188,2460234.08667
107.46352,38.47107,2460234.95000
137.05821,38.52828,2460236.02917
244.70394,38.48641,2460237.32417
69.89101,38.38531,2460238.83500
333.34028,38.31068,2460240.56167
314.58437,38.33609,2460242.50417
13.60808,38.30056,2460244.66250
150.62727,38.54730,2460247.03667
5.61584,38.29711,2460249.62667
298.59003,38.36591,2460252.43250
309.35661,38.34511,2460255.45417
37.89486,38.32458,2460258.69167
204.61685,38.55313,2460262.14500
88.97393,38.42845,2460265.81417
51.42582,38.34645,2460269.69917
91.74434,38.43480,2460273.80000
210.16745,38.54865,2460278.11667
46.19631,38.33666,2460282.64917
320.42893,38.32733,2460287.39750
312.43355,38.34071,2460292.36167
22.21424,38.30486,2460297.54167
170.05275,38.56586,2460302.93750
35.74099,38.31989,2460308.54917
339.49090,38.30527,2460314.37667
1.00671,38.29576,2460320.42000
100.36258,38.45391,2460326.67917
277.96762,38.41762,2460333.15417
173.13121,38.56782,2460339.84500
146.29056,38.54397,2460346.75167
197.50428,38.56433,2460353.87417
326.57726,38.32285,2460361.21250
173.43554,38.56731,2460368.76667
98.20582,38.44762,2460376.53667
100.97810,38.45397,2460384.52250
181.76354,38.56792,2460392.72417
340.40821,38.30932,2460401.14167
216.93055,38.54333,2460409.77500
171.27273,38.56415,2460418.62417
203.66540,38.55667,2460427.68917
313.95554,38.34434,2460436.97000
141.97105,38.53468,2460446.46667
48.03867,38.34178,2460456.17917
32.04571,38.31883,2460466.10750
55.24557,38.35497,2460239.79167
133.17341,38.52217,2460240.00750
289.17552,38.38578,2460240.43917
162.78493,38.55799,2460241.08667
114.36694,38.48613,2460241.95000
143.96699,38.53877,2460243.02917
251.60822,38.47197,2460244.32417
76.78636,38.40050,2460245.83500
340.22809,38.30422,2460247.56167
321.47444,38.32527,2460249.50417
20.49515,38.30497,2460251.66250
157.53782,38.55478,2460254.03667
12.50265,38.29935,2460256.62667
305.48288,38.35242,2460259.43250
316.24749,38.33333,2460262.45417
44.78436,38.33501,2460265.69167
211.52754,38.54621,2460269.14500
95.87340,38.44454,2460272.81417
58.31751,38.35953,2460276.69917
98.64439,38.45097,2460280.80000
217.07750,38.54036,2460285.11667
53.08713,38.34886,2460289.64917
327.31815,38.31775,2460294.39750
319.32396,38.32957,2460299.36167
29.10190,38.31172,2460304.54167
176.96469,38.56830,2460309.93750
42.63027,38.32998,2460315.54917
346.37810,38.30037,2460321.37667
7.89334,38.29686,2460327.42000
107.26466,38.46982,2460333.67917
284.86459,38.40206,2460340.15417
180.04332,38.56926,2460346.84500
153.20075,38.55247,2460353.75167
204.41568,38.55899,2460360.87417
333.46559,38.31468,2460368.21250
180.34769,38.56860,2460375.76667
105.10749,38.46350,2460383.53667
107.88033,38.46970,2460391.52250
188.67568,38.56669,2460399.72417
347.29528,38.30446,2460408.14167
223.83983,38.53301,2460416.77500
178.18482,38.56580,2460425.62417
210.57624,38.54950,2460434.68917
320.84555,38.33285,2460443.97000
148.88084,38.54400,2460453.46667
54.92976,38.35404,2460463.17917
38.93436,38.32772,2460473.10750
62.13802,38.36847,2460246.79167
140.08166,38.53343,2460247.00750
296.07020,38.37110,2460247.43917
169.69647,38.56221,2460248.08667
121.27185,38.50051,2460248.95000
150.87681,38.54780,2460250.02917
258.51112,38.45676,2460251.32417
83.68310,38.41627,2460252.83500
347.11539,38.29946,2460254.56167
328.36363,38.31595,2460256.50417
27.38279,38.31123,2460258.66250
164.44902,38.56043,2460261.03667
19.38965,38.30356,2460263.62667
312.37447,38.33988,2460266.43250
323.13740,38.32287,2460269.45417
51.67499,38.34681,2460272.69167
218.43744,38.53751,2460276.14500
102.77438,38.46061,2460279.81417
65.21049,38.37357,2460283.69917
105.54604,38.46685,2460287.80000
223.98671,38.53043,2460292.11667
59.97911,38.36214,2460296.64917
334.20649,38.30987,2460301.39750
326.21328,38.31975,2460306.36167
35.99035,38.32019,2460311.54167
183.87678,38.56871,2460316.93750
49.52049,38.34145,2460322.54917
353.26492,38.29744,2460328.37667
14.78007,38.29984,2460334.42000
114.16823,38.48507,2460340.67917
291.76005,38.38680,2460347.15417
186.95536,38.56876,2460353.84500
160.11177,38.55931,2460360.75167
211.32636,38.55184,2460367.87417
340.35316,38.30810,2460375.21250
187.25976,38.56786,2460382.76667
112.01061,38.47896,2460390.53667
114.78411,38.48486,2460398.52250
195.58757,38.56361,2460406.72417
354.18188,38.30142,2460415.14167
230.74794,38.52120,2460423.77500
185.09701,38.56561,2460432.62417
217.48639,38.54050,2460441.68917
327.73457,38.32296,2460450.97000
155.79139,38.55173,2460460.46667
61.82201,38.36755,2460470.17917
45.82398,38.33827,2460480.10750
69.03171,38.38292,2460253.79167
146.99093,38.54338,2460254.00750
302.96360,38.35717,2460254.43917
176.60832,38.56467,2460255.08667
128.17803,38.51394,2460255.95000
157.78736,38.55517,2460257.02917
265.41249,38.44125,2460258.32417
90.58143,38.43228,2460259.83500
354.00225,38.29668,2460261.56167
335.25188,38.30825,2460263.50417
34.27099,38.31925,2460265.66250
171.36068,38.56439,2460268.03667
26.27718,38.30951,2460270.62667
319.26489,38.32872,2460273.43250
330.02623,38.31395,2460276.45417
58.56669,38.35990,2460279.69167
225.34644,38.52739,2460283.14500
109.67691,38.47621,2460286.81417
72.10485,38.38858,2460290.69917
112.44912,38.48235,2460294.80000
230.89481,38.51918,2460299.11667
66.87243,38.37656,2460303.64917
341.09416,38.30360,2460308.39750
333.10177,38.31161,2460313.36167
42.87962,38.33036,2460318.54167
190.78877,38.56730,2460323.93750
56.41192,38.35427,2460329.54917
0.15151,38.29631,2460335.37667
21.66723,38.30474,2460341.42000
121.07325,38.49968,2460347.67917
298.65409,38.37232,2460354.15417
193.86736,38.56630,2460360.84500
167.02327,38.56422,2460367.75167
218.23634,38.54294,2460374.87417
347.24024,38.30338,2460382.21250
194.17176,38.56522,2460389.76667
118.91524,38.49365,2460397.53667
121.68922,38.49925,2460405.52250
202.49912,38.55852,2460413.72417
1.06839,38.30034,2460422.14167
237.65498,38.50810,2460430.77500
192.00909,38.56335,2460439.62417
224.39557,38.52999,2460448.68917
334.62274,38.31455,2460457.97000
162.70269,38.55763,2460467.46667
68.71568,38.38195,2460477.17917
52.71463,38.35013,2460487.10750
75.92688,38.39815,2460260.79167
153.90112,38.55167,2460261.00750
309.85560,38.34431,2460261.43917
183.52033,38.56514,2460262.08667
135.08553,38.52627,2460262.95000
164.69863,38.56082,2460264.02917
272.31236,38.42542,2460265.32417
97.48121,38.44843,2460266.83500
0.88893,38.29569,2460268.56167
342.13956,38.30226,2460270.50417
41.16009,38.32887,2460272.66250
178.27262,38.56635,2460275.03667
33.16524,38.31732,2460277.62667
326.15430,38.31887,2460280.43250
336.91437,38.30666,2460283.45417
65.45975,38.37401,2460286.69167
232.25434,38.51577,2460290.14500
116.58087,38.49134,2460293.81417
79.00062,38.40413,2460297.69917
119.35370,38.49709,2460301.80000
237.80180,38.50657,2460306.11667
73.76713,38.39168,2460310.64917
347.98127,38.29926,2460315.39750
339.98946,38.30507,2460320.36167
49.76993,38.34184,2460325.54167
197.70054,38.56384,2460330.93750
63.30456,38.36812,2460336.54917
7.03810,38.29721,2460342.37667
28.55484,38.31140,2460348.42000
127.97957,38.51320,2460354.67917
305.54674,38.35857,2460361.15417
200.77892,38.56189,2460367.84500
173.93524,38.56729,2460374.75167
225.14528,38.53252,2460381.87417
354.12690,38.30042,2460389.21250
201.08333,38.56057,2460396.76667
125.82119,38.50750,2460404.53667
128.59574,38.51262,2460412.52250
209.41005,38.55166,2460420.72417
7.95481,38.30117,2460429.14167
244.56064,38.49391,2460437.77500
198.92089,38.55925,2460446.62417
231.30373,38.51794,2460455.68917
341.51024,38.30799,2460464.97000
169.61443,38.56173,2460474.46667
75.61071,38.39720,2460484.17917
59.60652,38.36330,2460494.10750
82.82343,38.41393,2460267.79167
160.81201,38.55840,2460268.00750
316.74649,38.33257,2460268.43917
190.43229,38.56383,2460269.08667
141.99407,38.53730,2460269.95000
171.61025,38.56466,2460271.02917
279.21069,38.40976,2460272.32417
104.38258,38.46431,2460273.83500
7.77555,38.29675,2460275.56167
349.02661,38.29810,2460277.50417
48.05006,38.34001,2460279.66250
185.18467,38.56651,2460282.03667
40.05418,38.32670,2460284.62667
333.04280,38.31072,2460287.43250
343.80177,38.30116,2460290.45417
72.35411,38.38904,2460293.69167
239.16107,38.50306,2460297.14500
123.48626,38.50554,2460300.81417
85.89792,38.42023,2460304.69917
126.25962,38.51100,2460308.80000
244.70743,38.49297,2460313.11667
80.66334,38.40748,2460317.64917
354.86803,38.29665,2460322.39750
346.87667,38.30040,2460327.36167
56.66135,38.35473,2460332.54167
204.61185,38.55859,2460337.93750
70.19862,38.38294,2460343.54917
13.92480,38.29991,2460349.37667
35.44323,38.31979,2460355.42000
134.88718,38.52565,2460361.67917
312.43813,38.34601,2460368.15417
207.69004,38.55562,2460374.84500
180.84729,38.56837,2460381.75167
232.05326,38.52062,2460388.87417
1.01342,38.29946,2460396.21250
207.99445,38.55413,2460403.76667
132.72844,38.52015,2460411.53667
135.50341,38.52480,2460419.52250
216.32029,38.54297,2460427.72417
14.84153,38.30389,2460436.14167
251.46504,38.47881,2460444.77500
205.83222,38.55315,2460453.62417
238.21066,38.50474,2460462.68917
348.39721,38.30313,2460471.97000
176.52656,38.56382,2460481.46667
82.50728,38.41288,2460491.17917
66.49968,38.37743,2460501.10750
89.72157,38.43002,2460274.79167
167.72346,38.56324,2460275.00750
323.63620,38.32227,2460275.43917
197.34404,38.56051,2460276.08667
148.90369,38.54688,2460276.95000
178.52226,38.56662,2460278.02917
286.10751,38.39422,2460279.32417
111.28540,38.47987,2460280.83500
14.66236,38.29962,2460282.56167
355.91342,38.29582,2460284.50417
54.94122,38.35247,2460286.66250
192.09661,38.56464,2460289.03667
46.94401,38.33770,2460291.62667
339.93058,38.30414,2460294.43250
350.68881,38.29744,2460297.45417
79.24999,38.40464,2460300.69167
246.06647,38.48918,2460304.14500
130.39296,38.51884,2460307.81417
92.79675,38.43639,2460311.69917
133.16686,38.52373,2460315.80000
251.61174,38.47839,2460320.11667
87.56100,38.42354,2460324.64917
1.75460,38.29608,2460329.39750
353.76342,38.29750,2460334.36167
63.55409,38.36860,2460339.54167
211.52255,38.55144,2460344.93750
77.09404,38.39840,2460350.54917
20.81185,38.30457,2460356.37667
42.33240,38.32974,2460362.42000
141.79590,38.53663,2460368.67917
319.32834,38.33458,2460375.15417
214.60036,38.54761,2460381.84500
187.75947,38.56752,2460388.75167
238.95992,38.50748,2460395.87417
7.89988,38.30034,2460403.21250
214.90477,38.54587,2460410.76667
139.63680,38.53156,2460418.53667
142.41227,38.53558,2460426.52250
223.22961,38.53277,2460434.72417
21.72850,38.30849,2460443.14167
258.36788,38.46303,2460451.77500
212.74291,38.54539,2460460.62417
245.11635,38.49033,2460469.68917
355.28385,38.30030,2460478.97000
183.43876,38.56406,2460488.46667
89.40532,38.42898,2460498.17917
73.39429,38.39250,2460508.10750
96.62117,38.44619,2460281.79167
174.63530,38.56632,2460282.00750
330.52506,38.31343,2460282.43917
204.25535,38.55545,2460283.08667
155.81407,38.55483,2460283.95000
185.43426,38.56666,2460285.02917
293.00283,38.37930,2460286.32417
118.18973,38.49471,2460287.83500
21.54948,38.30450,2460289.56167
2.79999,38.29549,2460291.50417
61.83352,38.36612,2460293.66250
199.00828,38.56101,2460296.03667
53.83497,38.34993,2460298.62667
346.81779,38.29947,2460301.43250
357.57544,38.29566,2460304.45417
86.14731,38.42072,2460307.69167
252.97049,38.47459,2460311.14500
137.30089,38.53080,2460314.81417
99.69715,38.45263,2460318.69917
140.07521,38.53526,2460322.80000
258.51451,38.46326,2460327.11667
94.46025,38.43984,2460331.64917
8.64120,38.29732,2460336.39750
0.65004,38.29660,2460341.36167
70.44816,38.38348,2460346.54167
218.43245,38.54272,2460351.93750
83.99101,38.41437,2460357.54917
27.69940,38.31096,2460363.37667
49.22266,38.34118,2460369.42000
148.70564,38.54620,2460375.67917
326.21756,38.32466,2460382.15417
221.50994,38.53791,2460388.84500
194.67137,38.56464,2460395.75167
245.86536,38.49321,2460402.87417
14.78657,38.30318,2460410.21250
221.81432,38.53602,2460417.76667
146.54625,38.54142,2460425.53667
149.32204,38.54487,2460433.52250
230.13795,38.52099,2460441.72417
28.61611,38.31492,2460450.14167
265.26931,38.44678,2460458.77500
219.65278,38.53582,2460467.62417
252.02060,38.47515,2460476.68917
2.17032,38.29929,2460485.97000
190.35100,38.56225,2460495.46667
96.30497,38.44507,2460505.17917
80.29030,38.40811,2460515.10750
103.52238,38.46219,2460288.79167
181.54732,38.56739,2460289.00750
337.41305,38.30633,2460289.43917
211.16608,38.54851,2460290.08667
162.72522,38.56105,2460290.95000
192.34625,38.56477,2460292.02917
299.89673,38.36497,2460293.32417
125.09539,38.50879,2460294.83500
28.43714,38.31105,2460296.56167
9.68668,38.29704,2460298.50417
68.72723,38.38068,2460300.66250
205.91948,38.55541,2460303.03667
60.72708,38.36346,2460305.62667
353.70461,38.29656,2460308.43250
4.46208,38.29578,2460311.45417
93.04624,38.43691,2460314.69167
259.87300,38.45926,2460318.14500
144.20989,38.54149,2460321.81417
106.59903,38.46846,2460325.69917
146.98465,38.54524,2460329.80000
265.41585,38.44756,2460334.11667
101.36103,38.45591,2460338.64917
15.52800,38.30059,2460343.39750
7.53657,38.29754,2460348.36167
77.34368,38.39891,2460353.54167
225.34143,38.53228,2460358.93750
90.88948,38.43052,2460364.54917
34.58767,38.31916,2460370.37667
56.11397,38.35388,2460376.42000
155.61615,38.55401,2460382.67917
333.10587,38.31619,2460389.15417
228.41840,38.52670,2460395.84500
201.58300,38.55989,2460402.75167
252.76931,38.47815,2460409.87417
21.67356,38.30781,2460417.21250
228.72276,38.52458,2460424.76667
153.45655,38.54976,2460432.53667
156.23271,38.55246,2460440.52250
237.04507,38.50799,2460448.72417
35.50433,38.32308,2460457.14167
272.16911,38.43033,2460465.77500
226.56170,38.52482,2460474.62417
258.92344,38.45920,2460483.68917
9.05682,38.30034,2460492.97000
197.26294,38.55856,2460502.46667
103.20613,38.46112,2460512.17917
87.18787,38.42422,2460522.10750
110.42502,38.47783,2460295.79167
188.45936,38.56667,2460296.00750
344.30050,38.30088,2460296.43917
218.07604,38.54003,2460297.08667
169.63677,38.56548,2460297.95000
199.25785,38.56103,2460299.02917
306.78927,38.35168,2460300.32417
132.00239,38.52172,2460301.83500
35.32546,38.31946,2460303.56167
16.57348,38.30054,2460305.50417
75.62228,38.39605,2460307.66250
212.83005,38.54816,2460310.03667
67.62058,38.37788,2460312.62667
0.59124,38.29567,2460315.43250
11.34870,38.29787,2460318.45417
99.94665,38.45313,2460321.69167
266.77404,38.44366,2460325.14500
151.11983,38.55052,2460328.81417
113.50246,38.48391,2460332.69917
153.89493,38.55368,2460336.80000
272.31557,38.43174,2460341.11667
108.26338,38.47173,2460345.64917
22.41516,38.30559,2460350.39750
14.42333,38.30044,2460355.36167
84.24067,38.41492,2460360.54167
232.24929,38.52053,2460365.93750
97.78954,38.44671,2460371.54917
41.47672,38.32887,2460377.37667
63.00660,38.36767,2460383.42000
162.52739,38.56015,2460389.67917
339.99349,38.30952,2460396.15417
235.32582,38.51411,2460402.84500
208.49397,38.55327,2460409.75167
259.67189,38.46238,2460416.87417
28.56114,38.31433,2460424.21250
235.63017,38.51187,2460431.76667
160.36761,38.55627,2460439.53667
163.14397,38.55828,2460447.52250
243.95096,38.49378,2460455.72417
42.39349,38.33281,2460464.14167
279.06748,38.41387,2460472.77500
233.46952,38.51231,2460481.62417
265.82474,38.44294,2460490.68917
15.94350,38.30324,2460499.97000
204.17452,38.55290,2460509.46667
110.10883,38.47667,2460519.17917
94.08696,38.44040,2460529.10750
117.32920,38.49283,2460302.79167
195.37120,38.56390,2460303.00750
351.18740,38.29737,2460303.43917
224.98508,38.52987,2460304.08667
176.54875,38.56800,2460304.95000
206.16909,38.55540,2460306.02917
313.68057,38.33937,2460307.32417
138.91054,38.53347,2460308.83500
42.21466,38.32936,2460310.56167
23.46078,38.30587,2460312.50417
82.51890,38.41189,2460314.66250
219.73978,38.53913,2460317.03667
74.51544,38.39319,2460319.62667
7.47782,38.29658,2460322.43250
18.23567,38.30177,2460325.45417
106.84864,38.46897,2460328.69167
273.67349,38.42774,2460332.14500
158.03057,38.55796,2460335.81417
120.40730,38.49849,2460339.69917
160.80596,38.56029,2460343.80000
279.21380,38.41582,2460348.11667
115.16713,38.48689,2460352.64917
29.30286,38.31249,2460357.39750
21.31037,38.30515,2460362.36167
91.13923,38.43104,2460367.54167
239.15595,38.50741,2460372.93750
104.69106,38.46264,2460378.54917
48.36679,38.34012,2460384.37667
69.90051,38.38236,2460390.42000
169.43909,38.56429,2460396.67917
346.88052,38.30452,2460403.15417
242.23188,38.50040,2460409.84500
215.40435,38.54491,2460416.75167
266.57285,38.44623,2460423.87417
35.44937,38.32250,2460431.21250
242.53623,38.49794,2460438.76667
167.27920,38.56102,2460446.53667
170.05580,38.56220,2460454.52250
250.85543,38.47877,2460462.72417
49.28357,38.34403,2460471.14167
285.96421,38.39769,2460479.77500
240.37614,38.49872,2460488.62417
272.72454,38.42636,2460497.68917
22.83058,38.30816,2460506.97000
211.08544,38.54554,2460516.46667
117.01299,38.49173,2460526.17917
100.98765,38.45661,2460536.10750
124.23472,38.50700,2460309.79167
202.28268,38.55936,2460310.00750
358.07411,38.29568,2460310.43917
231.89305,38.51841,2460311.08667
183.46079,38.56859,2460311.95000
213.07958,38.54804,2460313.02917
320.57072,38.32848,2460314.32417
145.81979,38.54371,2460315.83500
49.10486,38.34084,2460317.56167
30.34856,38.31304,2460319.50417
89.41696,38.42810,2460321.66250
226.64858,38.52870,2460324.03667
81.41181,38.40893,2460326.62667
14.36457,38.29952,2460329.43250
25.12299,38.30760,2460332.45417
113.75209,38.48436,2460335.69167
280.57143,38.41201,2460339.14500
164.94193,38.56348,2460342.81417
127.31355,38.51223,2460346.69917
167.71751,38.56518,2460350.80000
286.11045,38.40026,2460355.11667
122.07237,38.50135,2460359.64917
36.19129,38.32099,2460364.39750
28.19801,38.31174,2460369.36167
98.03931,38.44728,2460374.54167
246.06130,38.49335,2460379.93750
111.59415,38.47814,2460385.54917
55.25796,38.35260,2460391.37667
76.79594,38.39776,2460397.42000
176.35115,38.56663,2460403.67917
353.76722,38.30147,2460410.15417
249.13669,38.48566,2460416.84500
222.31373,38.53486,2460423.75167
273.47239,38.42983,2460430.87417
42.33853,38.33231,2460438.21250
249.44103,38.48310,2460445.76667
174.19121,38.56377,2460453.53667
176.96784,38.56425,2460461.52250
257.75850,38.46293,2460469.72417
56.17488,38.35656,2460478.14167
292.85957,38.38196,2460486.77500
247.28141,38.48398,2460495.62417
279.62274,38.40994,2460504.68917
29.71817,38.31481,2460513.97000
217.99566,38.53637,2460523.46667
123.91861,38.50586,2460533.17917
107.88982,38.47246,2460543.10750
